PMID,Journal,doi,doi_url,publisher_guess,year
5408722,Quad Clin Ostet Ginecol,,,,1969
5520358,Quad Radiol,,,,1970
5520358,Quad Radiol,,,,1970
5362798,Quad Radiol,,,,1969
4983620,Qld Nurses J,,,,1969
4983620,Qld Nurses J,,,,1969
4967060,Qld Nurses J,,,,1968
38912671,Quintessence Int,10.3290/j.qi.b5503749,https://www.quintessence-publishing.com/deu/de/article/5503749/quintessence-international/preprint/integrative-approach-for-supernumerary-teeth-a-single-center-retrospective-analysis,Unknown,2024
38912671,Quintessence Int,10.3290/j.qi.b5503749,https://www.quintessence-publishing.com/deu/de/article/5503749/quintessence-international/preprint/integrative-approach-for-supernumerary-teeth-a-single-center-retrospective-analysis,Unknown,2024
38619260,Quintessence Int,10.3290/j.qi.b5213685,https://www.quintessence-publishing.com/deu/de/article/5213685/quintessence-international/2024/06/marginal-bone-loss-in-ball-versus-locator-attachments-in-implant-retained-overdentures-systematic-review-and-meta-analysis,Unknown,2024
1819077,Quintessenz,,,,1991
1819077,Quintessenz,,,,1991
1819068,Quintessenz,,,,1991
1819104,Quintessenz J,,,,1991
1819104,Quintessenz J,,,,1991
1819109,Quintessenz J,,,,1991
756052,Quad Criminol Clin,,,,1978
756052,Quad Criminol Clin,,,,1978
4830030,Quad Criminol Clin,,,,1974
3268925,Quad Sclavo Diagn,,,,1988
3268925,Quad Sclavo Diagn,,,,1988
3441588,Quad Sclavo Diagn,,,,1987
5292534,Quintessenza,,,,1970
5292534,Quintessenza,,,,1970
4948946,Quintessenza,,,,1970
5258592,R Can Dent Corps Q,,,,1969
5258592,R Can Dent Corps Q,,,,1969
5236971,R Can Dent Corps Q,,,,1967
1615149,Quintessenz Zahntech,,,,1992
1615149,Quintessenz Zahntech,,,,1992
1852890,Quintessenz Zahntech,,,,1991
11655741,R Soc Health J,,,,1985
11655741,R Soc Health J,,,,1985
7134387,R Soc Health J,10.1177/146642408210200401,https://journals.sagepub.com/doi/10.1177/146642408210200401,SAGE Publications,1982
1052555,Rad Med Fak Zagrebu,,,,1976
1052555,Rad Med Fak Zagrebu,,,,1976
4807509,Rad Med Fak Zagrebu,,,,1973
4479996,Radiat Data Rep,,,,1974
4479996,Radiat Data Rep,,,,1974
4818371,Radiat Data Rep,,,,1974
3937175,Radiat Res Suppl,,,,1985
3937175,Radiat Res Suppl,,,,1985
3937169,Radiat Res Suppl,,,,1985
5404332,Radiobiol Radioter Fis Med,,,,1969
5404332,Radiobiol Radioter Fis Med,,,,1969
4978178,Radiobiol Radioter Fis Med,,,,1968
2385752,Radiobiol Radiother (Berl),,,,1990
2385752,Radiobiol Radiother (Berl),,,,1990
2113299,Radiobiol Radiother (Berl),,,,1990
8392736,Radiobiologiia,,,,1993
8392736,Radiobiologiia,,,,1993
1494647,Radiobiologiia,,,,1992
38909418,Radiography,10.1016/j.radi.2024.06.008,https://linkinghub.elsevier.com/retrieve/pii/S1078817424001561,ScienceDirect,2024
38909418,Radiography,10.1016/j.radi.2024.06.008,https://linkinghub.elsevier.com/retrieve/pii/S1078817424001561,ScienceDirect,2024
38657385,Radiography,10.1016/j.radi.2024.04.005,https://linkinghub.elsevier.com/retrieve/pii/S1078817424000828,ScienceDirect,2024
5756075,Radiol Austriaca,,,,1968
5756075,Radiol Austriaca,,,,1968
5755638,Radiol Austriaca,,,,1968
740895,Radiol Clin (Basel),,,,1978
740895,Radiol Clin (Basel),,,,1978
704807,Radiol Clin (Basel),,,,1978
4853776,Radiol Clin Biol,,,,1974
4853776,Radiol Clin Biol,,,,1974
4745076,Radiol Clin Biol,,,,1973
38777546,Radiol Clin North Am,10.1016/j.rcl.2024.01.003,https://linkinghub.elsevier.com/retrieve/pii/S0033838924000034,ScienceDirect,2024
38777546,Radiol Clin North Am,10.1016/j.rcl.2024.01.003,https://linkinghub.elsevier.com/retrieve/pii/S0033838924000034,ScienceDirect,2024
38553184,Radiol Clin North Am,10.1016/j.rcl.2024.02.002,https://linkinghub.elsevier.com/retrieve/pii/S0033838924000149,ScienceDirect,2024
2367634,Radiol Diagn (Berl),,,,1990
2367634,Radiol Diagn (Berl),,,,1990
2277847,Radiol Diagn (Berl),,,,1990
5172416,Radiol Health Data Rep,,,,1971
5172416,Radiol Health Data Rep,,,,1971
5122511,Radiol Health Data Rep,,,,1971
38719562,Radiol Technol,,,,2024
38719562,Radiol Technol,,,,2024
38719560,Radiol Technol,,,,2024
38900033,Radiology,10.1148/ryai.240263,https://pubs.rsna.org/doi/10.1148/ryai.240263,Unknown,2024
30726647,Radiol Manage,,,,2017
30726647,Radiol Manage,,,,2017
27172648,Radiol Manage,,,,2016
260278,RANF Rev,,,,1978
260278,RANF Rev,,,,1978
244965,RANF Rev,,,,1977
5857467,Rass Clin Sci,,,,1965
5857467,Rass Clin Sci,,,,1965
5845721,Rass Clin Sci,,,,1965
5997961,Rass Clin Ter,,,,1966
5997961,Rass Clin Ter,,,,1966
14307814,Rass Clin Ter,,,,1965
5865424,Rass Dermatol Sifilogr,,,,1965
5865424,Rass Dermatol Sifilogr,,,,1965
13982941,Rass Dermatol Sifilogr,,,,1962
1584993,Acta Histochem Suppl,,,,1992
1584993,Acta Histochem Suppl,,,,1992
2127855,Acta Histochem Suppl,,,,1990
3547498,Quintessenz Impulse,,,,1986
3547498,Quintessenz Impulse,,,,1986
3469688,Quintessenz Impulse,,,,1986
5865805,Rass Fisiopatol Clin Ter,,,,1965
5865805,Rass Fisiopatol Clin Ter,,,,1965
14129132,Rass Fisiopatol Clin Ter,,,,1963
5052319,Rass Int Clin Ter,,,,1972
5052319,Rass Int Clin Ter,,,,1972
5129485,Rass Int Clin Ter,,,,1971
4527525,Rass Int Stomatol Prat,,,,1973
4527525,Rass Int Stomatol Prat,,,,1973
5316217,Rass Int Stomatol Prat,,,,1971
10314557,Res Health Econ,,,,1979
10314557,Res Health Econ,,,,1979
10256993,Res Health Econ,,,,1979
5861948,Rass Med Sarda,,,,1965
5861948,Rass Med Sarda,,,,1965
14238326,Rass Med Sarda,,,,1964
5404540,Rass Neurol Veg,,,,1969
5404540,Rass Neurol Veg,,,,1969
5960655,Rass Neurol Veg,,,,1966
5760293,Rass Neuropsichiatr,,,,1968
5760293,Rass Neuropsichiatr,,,,1968
5875056,Rass Neuropsichiatr,,,,1965
382251,Rass Odontotec,,,,1979
382251,Rass Odontotec,,,,1979
5254969,Rass Odontotec,,,,1969
10569080,Regan Rep Nurs Law,,,,1999
10569080,Regan Rep Nurs Law,,,,1999
9355610,Regan Rep Nurs Law,,,,1997
14304503,Rass Studi Psichiatr,,,,1965
14304503,Rass Studi Psichiatr,,,,1965
14236365,Rass Studi Psichiatr,,,,1964
4531061,Rass Trimest Odontoiatr,,,,1973
4531061,Rass Trimest Odontoiatr,,,,1973
5254604,Rass Trimest Odontoiatr,,,,1968
3256005,Ration Drug Ther,,,,1988
3256005,Ration Drug Ther,,,,1988
6535163,Ration Drug Ther,,,,1984
14303765,Reanim Organes Artif,,,,1965
14303765,Reanim Organes Artif,,,,1965
14303764,Reanim Organes Artif,,,,1965
38906702,Respir Care,10.4187/respcare.11643,https://rc.rcjournal.com/content/early/2024/06/21/respcare.11643,Unknown,2024
38906702,Respir Care,10.4187/respcare.11643,https://rc.rcjournal.com/content/early/2024/06/21/respcare.11643,Unknown,2024
38626951,Respir Care,10.4187/respcare.11160,https://rc.rcjournal.com/content/69/7/839,Unknown,2024
11658165,Read Dig,,,,1997
11658165,Read Dig,,,,1997
10240692,Read Dig,,,,1979
5373901,Rec Chem Prog,,,,1969
5373901,Rec Chem Prog,,,,1969
20253248,Rec Chem Prog,,,,1947
6598874,Riv Ital Odontotec,,,,1984
6598874,Riv Ital Odontotec,,,,1984
6764675,Riv Ital Odontotec,,,,1982
5658709,Recent Adv Biol Psychiatry,10.1007/978-1-4684-9072-5_26,https://link.springer.com/chapter/10.1007/978-1-4684-9072-5_26,Springer,1968
5658709,Recent Adv Biol Psychiatry,10.1007/978-1-4684-9072-5_26,https://link.springer.com/chapter/10.1007/978-1-4684-9072-5_26,Springer,1968
14285897,Recent Adv Biol Psychiatry,,,,1963
1032013,Recent Adv Stud Cardiac Struct Metab,,,,1976
1032013,Recent Adv Stud Cardiac Struct Metab,,,,1976
1032021,Recent Adv Stud Cardiac Struct Metab,,,,1976
2274710,Reconstr Surg Traumatol,,,,1990
2274710,Reconstr Surg Traumatol,,,,1990
5070996,Reconstr Surg Traumatol,,,,1972
38904657,Rehabil Nurs,10.1097/RNJ.0000000000000464,,Unknown,2024
38904657,Rehabil Nurs,10.1097/RNJ.0000000000000464,,Unknown,2024
38345829,Rehabil Nurs,10.1097/RNJ.0000000000000447,"https://journals.lww.com/rehabnursingjournal/abstract/2024/03000/working_age_caregivers_of_stroke_survivors__needs,.2.aspx",Unknown,2024
5214826,Refuat Hashinayim (1944),,,,1965
5214826,Refuat Hashinayim (1944),,,,1965
5214649,Refuat Hashinayim (1944),,,,1965
3823599,Rehabil Lit,,,,1986
3823599,Rehabil Lit,,,,1986
6729234,Rehabil Lit,,,,1984
3231893,Ren Physiol,10.1159/000173144,,Unknown,1988
3231893,Ren Physiol,10.1159/000173144,,Unknown,1988
3037655,Ren Physiol,10.1159/000173101,,Unknown,1986
8711269,Ren Physiol Biochem,10.1159/000173932,https://karger.com/kbr/article-abstract/18/6/311/383185/Effect-of-Volume-Expansion-on-the-Natriuretic?redirectedFrom=fulltext,Karger,1995
8711269,Ren Physiol Biochem,10.1159/000173932,https://karger.com/kbr/article-abstract/18/6/311/383185/Effect-of-Volume-Expansion-on-the-Natriuretic?redirectedFrom=fulltext,Karger,1995
7533307,Ren Physiol Biochem,10.1159/000173844,https://karger.com/kbr/article-abstract/17/6/287/383109/Low-Molecular-Weight-Protein-Competition-for?redirectedFrom=fulltext,Karger,1994
4731744,Rehabil Rec,,,,1973
4731744,Rehabil Rec,,,,1973
4261134,Rehabil Rec,,,,1972
6672914,Rehabilitation (Bonn),,,,1983
6672914,Rehabilitation (Bonn),,,,1983
5084627,Rehabilitation (Bonn),,,,1972
38885655,Rehabilitation (Stuttg),10.1055/a-2316-6541,https://www.thieme-connect.de/products/ejournals/abstract/10.1055/a-2316-6541,Unknown,2024
38885655,Rehabilitation (Stuttg),10.1055/a-2316-6541,https://www.thieme-connect.de/products/ejournals/abstract/10.1055/a-2316-6541,Unknown,2024
36516968,Rehabilitation (Stuttg),10.1055/a-1903-4483,https://www.thieme-connect.de/products/ejournals/abstract/10.1055/a-1903-4483,Unknown,2023
5147551,Rein Foie,,,,1971
5147551,Rein Foie,,,,1971
5504398,Rein Foie,,,,1970
12494675,Rep Health Soc Subj (Lond),,,,2002
12494675,Rep Health Soc Subj (Lond),,,,2002
4463428,Rep Health Soc Subj (Lond),,,,1974
2488971,Tokyo Ika Shika Daigaku Iyo Kizai Kenkyusho Hokoku,,,,1989
2488971,Tokyo Ika Shika Daigaku Iyo Kizai Kenkyusho Hokoku,,,,1989
3506232,Tokyo Ika Shika Daigaku Iyo Kizai Kenkyusho Hokoku,,,,1986
2928604,Reprod Nutr Dev (1980),10.1051/rnd:19890107,https://rnd.edpsciences.org/articles/rnd/abs/1989/01/RND_0181-1916_1989_29_1_ART0007/RND_0181-1916_1989_29_1_ART0007.html,Unknown,1989
2928604,Reprod Nutr Dev (1980),10.1051/rnd:19890107,https://rnd.edpsciences.org/articles/rnd/abs/1989/01/RND_0181-1916_1989_29_1_ART0007/RND_0181-1916_1989_29_1_ART0007.html,Unknown,1989
3281196,Reprod Nutr Dev (1980),,,,1988
1013512,Rep Popul Fam Plann,,,,1976
1013512,Rep Popul Fam Plann,,,,1976
5520685,Rep Popul Fam Plann,,,,1970
4679657,Rep Public Health Med Subj (Lond),,,,1972
4679657,Rep Public Health Med Subj (Lond),,,,1972
5173746,Rep Public Health Med Subj (Lond),,,,1971
7323438,Rep Rheum Dis,,,,1981
7323438,Rep Rheum Dis,,,,1981
6451911,Rep Rheum Dis,,,,1981
725261,Res Clin Stud Headache,,,,1978
725261,Res Clin Stud Headache,,,,1978
31661,Res Clin Stud Headache,,,,1978
7938911,Res Commun Chem Pathol Pharmacol,,,,1994
7938911,Res Commun Chem Pathol Pharmacol,,,,1994
8165365,Res Commun Chem Pathol Pharmacol,,,,1994
4039460,Adv Myocardiol,,,,1985
4039460,Adv Myocardiol,,,,1985
3992039,Adv Myocardiol,,,,1985
11678149,Res Exp Med (Berl),,,,2000
11678149,Res Exp Med (Berl),,,,2000
10945652,Res Exp Med (Berl),10.1007/s004339900044,https://link.springer.com/article/10.1007/s004339900044,Springer,2000
10310677,Res Stat Note,,,,1984
10310677,Res Stat Note,,,,1984
829172,Res Stat Note,,,,1976
38898773,Res Aging,10.1177/01640275241256990,https://journals.sagepub.com/doi/10.1177/01640275241256990,SAGE Publications,2024
38898773,Res Aging,10.1177/01640275241256990,https://journals.sagepub.com/doi/10.1177/01640275241256990,SAGE Publications,2024
38648193,Res Aging,10.1177/01640275241248825,https://journals.sagepub.com/doi/10.1177/01640275241248825,SAGE Publications,2024
4681321,Res Prog Org Biol Med Chem,,,,1972
4681321,Res Prog Org Biol Med Chem,,,,1972
4619710,Res Prog Org Biol Med Chem,,,,1972
10084919,Res Immunol,,,,1998
10084919,Res Immunol,,,,1998
9851517,Res Immunol,10.1016/s0923-2494(99)80032-7,https://linkinghub.elsevier.com/retrieve/pii/S0923249499800327,ScienceDirect,1998
8115724,Res Publ Assoc Res Nerv Ment Dis,,,,1994
8115724,Res Publ Assoc Res Nerv Ment Dis,,,,1994
8093331,Res Publ Assoc Res Nerv Ment Dis,,,,1993
545539,Res Q,,,,1979
545539,Res Q,,,,1979
472438,Res Q,,,,1979
38905703,Res Q Exerc Sport,10.1080/02701367.2024.2347990,https://www.tandfonline.com/doi/full/10.1080/02701367.2024.2347990,Taylor & Francis,2024
38905703,Res Q Exerc Sport,10.1080/02701367.2024.2347990,https://www.tandfonline.com/doi/full/10.1080/02701367.2024.2347990,Taylor & Francis,2024
37369138,Res Q Exerc Sport,10.1080/02701367.2023.2205910,https://www.tandfonline.com/doi/full/10.1080/02701367.2023.2205910,Taylor & Francis,2024
12342941,Res Reprod,,,,1990
12342941,Res Reprod,,,,1990
12333036,Res Reprod,,,,1972
10297401,Res Stat Note Health Care Financ Adm Off Policy Plan Res,,,,1978
10297401,Res Stat Note Health Care Financ Adm Off Policy Plan Res,,,,1978
10297400,Res Stat Note Health Care Financ Adm Off Policy Plan Res,,,,1978
5117869,Resen Clin Cient,,,,1971
5117869,Resen Clin Cient,,,,1971
5480529,Resen Clin Cient,,,,1970
3704350,Residue Rev,10.1007/978-1-4612-4934-4_1,https://link.springer.com/chapter/10.1007/978-1-4612-4934-4_1,Springer,1986
3704350,Residue Rev,10.1007/978-1-4612-4934-4_1,https://link.springer.com/chapter/10.1007/978-1-4612-4934-4_1,Springer,1986
7455371,Residue Rev,10.1007/978-1-4612-6104-9_5,https://link.springer.com/chapter/10.1007/978-1-4612-6104-9_5,Springer,1980
5527006,Resour Biomed Res Educ,,,,1970
5527006,Resour Biomed Res Educ,,,,1970
5407629,Resour Biomed Res Educ,,,,1969
8284548,Kokyu To Junkan,,,,1993
8284548,Kokyu To Junkan,,,,1993
8235117,Kokyu To Junkan,,,,1993
10301101,Respir Ther,,,,1986
10301101,Respir Ther,,,,1986
10262997,Respir Ther,,,,1983
10153022,Restaurants Inst,,,,1995
10153022,Restaurants Inst,,,,1995
10153398,Restaurants Inst,,,,1995
10307799,Resume,,,,1977
10307799,Resume,,,,1977
10307795,Resume,,,,1977
38914294,Retina,10.1016/j.oret.2024.06.012,https://linkinghub.elsevier.com/retrieve/pii/S2468653024003051,ScienceDirect,2024
38914294,Retina,10.1016/j.oret.2024.06.012,https://linkinghub.elsevier.com/retrieve/pii/S2468653024003051,ScienceDirect,2024
38684107,Retina,10.1097/IAE.0000000000004133,https://journals.lww.com/retinajournal/citation/9900/correspondence.657.aspx,Unknown,2024
38523585,Reumatismo,10.4081/reumatismo.2024.1547,https://www.reumatismo.org/reuma/article/view/1547,Unknown,2024
38523585,Reumatismo,10.4081/reumatismo.2024.1547,https://www.reumatismo.org/reuma/article/view/1547,Unknown,2024
37154255,Reumatismo,10.4081/reumatismo.2023.1551,https://www.reumatismo.org/index.php/reuma/article/view/1551,Unknown,2023
26891587,Reumatizam,,,,2015
26891587,Reumatizam,,,,2015
29624294,Reumatizam,,,,2016
38799782,Reumatologia,10.5114/reum/187391,"https://reu.termedia.pl/The-effects-of-vitamin-D-supplementation-on-disease-activity-and-fatigue-in-Libyan,187391,0,2.html",Unknown,2024
38799782,Reumatologia,10.5114/reum/187391,"https://reu.termedia.pl/The-effects-of-vitamin-D-supplementation-on-disease-activity-and-fatigue-in-Libyan,187391,0,2.html",Unknown,2024
37522147,Reumatologia,10.5114/reum/168294,"https://reu.termedia.pl/Life-satisfaction-generalized-sense-of-self-efficacy-and-acceptance-of-illness-in,168294,0,2.html",Unknown,2023
6954596,Rev Assoc Paul Cir Dent Reg Aracatuba,,,,1981
6954596,Rev Assoc Paul Cir Dent Reg Aracatuba,,,,1981
6944747,Rev Assoc Paul Cir Dent Reg Aracatuba,,,,1980
4519831,Rev Agrup Odontol Cap Fed,,,,1973
4519831,Rev Agrup Odontol Cap Fed,,,,1973
5256777,Rev Agrup Odontol Cap Fed,,,,1968
6964759,ALAFO,,,,1982
6964759,ALAFO,,,,1982
1073593,ALAFO,,,,1975
5131304,Rev Allergy,,,,1971
5131304,Rev Allergy,,,,1971
5496770,Rev Allergy,,,,1970
16194975,Q J Exp Psychol B,10.1080/02724990544000077,https://journals.sagepub.com/doi/10.1080/02724990544000077,SAGE Publications,2005
16194975,Q J Exp Psychol B,10.1080/02724990544000077,https://journals.sagepub.com/doi/10.1080/02724990544000077,SAGE Publications,2005
12791570,Q J Exp Psychol B,10.1080/02724990244000098,https://journals.sagepub.com/doi/10.1080/02724990244000098,SAGE Publications,2003
7348811,Rass Penititenziaria Crim,,,,1981
7348811,Rass Penititenziaria Crim,,,,1981
7348806,Rass Penititenziaria Crim,,,,1981
10921371,RDH,,,,1999
10921371,RDH,,,,1999
10895701,RDH,,,,1999
3933060,Regul Pept Suppl,10.1016/0167-0115(85)90214-9,https://linkinghub.elsevier.com/retrieve/pii/0167011585902149,ScienceDirect,1985
3933060,Regul Pept Suppl,10.1016/0167-0115(85)90214-9,https://linkinghub.elsevier.com/retrieve/pii/0167011585902149,ScienceDirect,1985
2414814,Regul Pept Suppl,,,,1985
38905444,Reprod Fertil Dev,10.1071/RD23233,https://www.publish.csiro.au/RD/RD23233,Unknown,2024
38905444,Reprod Fertil Dev,10.1071/RD23233,https://www.publish.csiro.au/RD/RD23233,Unknown,2024
38905444,Reprod Fertil Dev,10.1071/RD23233,https://www.publish.csiro.au/RD/RD23233,Unknown,2024
38896736,Rev Assoc Med Bras,10.1590/1806-9282.20240005,https://www.scielo.br/j/ramb/a/K8XR6tdDKsgmQ57HkcfbvcF/?lang=en,Unknown,2024
38896736,Rev Assoc Med Bras,10.1590/1806-9282.20240005,https://www.scielo.br/j/ramb/a/K8XR6tdDKsgmQ57HkcfbvcF/?lang=en,Unknown,2024
38716935,Rev Assoc Med Bras,10.1590/1806-9282.20230990,https://www.scielo.br/j/ramb/a/7MDHNKMMK6b3VyDXxMYfMyB/?lang=en,Unknown,2024
2236648,Recent Adv Nurs,,,,1990
2236648,Recent Adv Nurs,,,,1990
2636432,Recent Adv Nurs,,,,1989
5853604,Rev Argent Cir,,,,1965
5853604,Rev Argent Cir,,,,1965
5829632,Rev Argent Cir,,,,1965
38877979,Res Nurs Health,10.1002/nur.22405,https://onlinelibrary.wiley.com/doi/10.1002/nur.22405,Wiley,2024
38877979,Res Nurs Health,10.1002/nur.22405,https://onlinelibrary.wiley.com/doi/10.1002/nur.22405,Wiley,2024
38528709,Res Nurs Health,10.1002/nur.22384,https://onlinelibrary.wiley.com/doi/10.1002/nur.22384,Wiley,2024
2093951,Recomb DNA Tech Bull,,,,1990
2093951,Recomb DNA Tech Bull,,,,1990
3867979,Recomb DNA Tech Bull,,,,1985
17162823,Rays,,,,2006
17162823,Rays,,,,2006
16512065,Rays,,,,2005
1224024,Recent Adv Clin Nucl Med,,,,1975
1224024,Recent Adv Clin Nucl Med,,,,1975
772764,Recent Adv Clin Nucl Med,,,,1975
2315535,Regist Nurse,,,,1990
2315535,Regist Nurse,,,,1990
2315529,Regist Nurse,,,,1990
35450139,Resid Staff Physician,,,,2001
35450139,Resid Staff Physician,,,,2001
10271224,Resid Staff Physician,,,,1984
5526769,Rev Argent Endocrinol Metab,,,,1970
5526769,Rev Argent Endocrinol Metab,,,,1970
5760097,Rev Argent Endocrinol Metab,,,,1968
10299723,Rep Comm Accredit Rehabil Facil,,,,1984
10299723,Rep Comm Accredit Rehabil Facil,,,,1984
10299498,Rep Comm Accredit Rehabil Facil,,,,1984
4575727,Rev Argent Implantol Estomatol,,,,1972
4575727,Rev Argent Implantol Estomatol,,,,1972
4513801,Rev Argent Implantol Estomatol,,,,1972
607290,Record (Washington),,,,1977
607290,Record (Washington),,,,1977
607282,Record (Washington),,,,1977
11542418,Radioisotopes,10.3769/radioisotopes.47.10_765,https://www.jstage.jst.go.jp/article/radioisotopes1952/47/10/47_10_765/_article/-char/ja/,Unknown,1998
11542418,Radioisotopes,10.3769/radioisotopes.47.10_765,https://www.jstage.jst.go.jp/article/radioisotopes1952/47/10/47_10_765/_article/-char/ja/,Unknown,1998
2396013,Radioisotopes,10.3769/radioisotopes.39.5_212,https://www.jstage.jst.go.jp/article/radioisotopes1952/39/5/39_5_212/_article/-char/ja/,Unknown,1990
6913061,Recruit Retain,,,,1981
6913061,Recruit Retain,,,,1981
6913060,Recruit Retain,,,,1981
10280556,Regulation,,,,1986
10280556,Regulation,,,,1986
10245052,Regulation,,,,1979
12149900,Rep Group Adv Psychiatry,,,,2002
12149900,Rep Group Adv Psychiatry,,,,2002
5123649,Rep Group Adv Psychiatry,,,,1971
16737199,Rev Med Panama,,,,2002
16737199,Rev Med Panama,,,,2002
7480898,Rev Med Panama,,,,1995
11639045,Rev Museo Fac Odontol B Aires,,,,1998
11639045,Rev Museo Fac Odontol B Aires,,,,1998
1887108,Rev Museo Fac Odontol B Aires,,,,1991
3247497,Rev Clin Basic Pharm,,,,1988
3247497,Rev Clin Basic Pharm,,,,1988
3029813,Rev Clin Basic Pharm,,,,1985
38896310,Radiol Med,10.1007/s11547-024-01834-7,https://link.springer.com/article/10.1007/s11547-024-01834-7,Springer,2024
38896310,Radiol Med,10.1007/s11547-024-01834-7,https://link.springer.com/article/10.1007/s11547-024-01834-7,Springer,2024
38512620,Radiol Med,10.1007/s11547-024-01802-1,https://link.springer.com/article/10.1007/s11547-024-01802-1,Springer,2024
5535293,Rev Argent Urol Nefrol,,,,1970
5535293,Rev Argent Urol Nefrol,,,,1970
5373092,Rev Argent Urol Nefrol,,,,1969
1780489,Reg Anaesth,,,,1991
1780489,Reg Anaesth,,,,1991
2034825,Reg Anaesth,,,,1991
757429,Rev Asoc Argent Microbiol,,,,1978
757429,Rev Asoc Argent Microbiol,,,,1978
614651,Rev Asoc Argent Microbiol,,,,1977
6925856,Rep Del Nurses Assoc,,,,1982
6925856,Rep Del Nurses Assoc,,,,1982
6920808,Rep Del Nurses Assoc,,,,1982
6400557,Rev Pure Appl Pharmacol Sci,,,,1983
6400557,Rev Pure Appl Pharmacol Sci,,,,1983
6760260,Rev Pure Appl Pharmacol Sci,,,,1982
6397784,Q Rev Drug Metab Drug Interact,10.1515/dmdi.1984.5.1.53,https://www.degruyter.com/document/doi/10.1515/DMDI.1984.5.1.53/html,Unknown,1984
6397784,Q Rev Drug Metab Drug Interact,10.1515/dmdi.1984.5.1.53,https://www.degruyter.com/document/doi/10.1515/DMDI.1984.5.1.53/html,Unknown,1984
6765270,Q Rev Drug Metab Drug Interact,10.1515/dmdi.1982.4.4.263,https://www.degruyter.com/document/doi/10.1515/DMDI.1982.4.4.263/html,Unknown,1982
38915241,Ren Fail,10.1080/0886022X.2024.2351473,https://www.tandfonline.com/doi/full/10.1080/0886022X.2024.2351473,Taylor & Francis,2024
38915241,Ren Fail,10.1080/0886022X.2024.2351473,https://www.tandfonline.com/doi/full/10.1080/0886022X.2024.2351473,Taylor & Francis,2024
38616181,Ren Fail,10.1080/0886022X.2024.2337292,https://www.tandfonline.com/doi/full/10.1080/0886022X.2024.2337292,Taylor & Francis,2024
30294003,Rev Asoc Med Argent,,,,2018
30294003,Rev Asoc Med Argent,,,,2018
14273911,Rev Asoc Med Argent,,,,1964
3274706,Rev Chil Odontoestomatol,,,,1988
3274706,Rev Chil Odontoestomatol,,,,1988
3076689,Rev Chil Odontoestomatol,,,,1988
5183685,Rev Asoc Mex Enferm,,,,1967
5183685,Rev Asoc Mex Enferm,,,,1967
5176571,Rev Asoc Mex Enferm,,,,1965
1839748,Rev Asoc Odontol Argent,,,,1991
1839748,Rev Asoc Odontol Argent,,,,1991
1882094,Rev Asoc Odontol Argent,,,,1991
5274840,Rev Asoc Odontol Costa Rica,,,,1970
5274840,Rev Asoc Odontol Costa Rica,,,,1970
5254985,Rev Asoc Odontol Costa Rica,,,,1969
19115782,Recent Dev Alcohol,10.1007/978-0-387-77725-2_23,https://link.springer.com/chapter/10.1007/978-0-387-77725-2_23,Springer,2008
19115782,Recent Dev Alcohol,10.1007/978-0-387-77725-2_23,https://link.springer.com/chapter/10.1007/978-0-387-77725-2_23,Springer,2008
15789878,Recent Dev Alcohol,10.1007/0-306-48626-1_19,https://link.springer.com/chapter/10.1007/0-306-48626-1_19,Springer,2005
38670733,Rheum Dis Clin North Am,10.1016/j.rdc.2024.02.008,https://linkinghub.elsevier.com/retrieve/pii/S0889857X24000152,ScienceDirect,2024
38670733,Rheum Dis Clin North Am,10.1016/j.rdc.2024.02.008,https://linkinghub.elsevier.com/retrieve/pii/S0889857X24000152,ScienceDirect,2024
37331731,Rheum Dis Clin North Am,10.1016/j.rdc.2023.03.013,https://linkinghub.elsevier.com/retrieve/pii/S0889857X23000443,ScienceDirect,2023
1668629,AMB Rev Assoc Med Bras,,,,1991
1668629,AMB Rev Assoc Med Bras,,,,1991
1668629,AMB Rev Assoc Med Bras,,,,1991
6964945,Rev Fac Farm Odontol Ribeiro Preto,,,,1982
6964945,Rev Fac Farm Odontol Ribeiro Preto,,,,1982
6964933,Rev Fac Farm Odontol Ribeiro Preto,,,,1982
38900682,Radiographics,10.1148/rg.230176,https://pubs.rsna.org/doi/10.1148/rg.230176,Unknown,2024
38900682,Radiographics,10.1148/rg.230176,https://pubs.rsna.org/doi/10.1148/rg.230176,Unknown,2024
38722784,Radiographics,10.1148/rg.230066,https://pubs.rsna.org/doi/10.1148/rg.230066,Unknown,2024
2135451,Rev Odontol Univ Sao Paulo,,,,1990
2135451,Rev Odontol Univ Sao Paulo,,,,1990
2135423,Rev Odontol Univ Sao Paulo,,,,1990
6599140,Rev Assoc Paul Cir Dent,,,,1984
6599140,Rev Assoc Paul Cir Dent,,,,1984
6947332,Rev Assoc Paul Cir Dent,,,,1981
34724574,Rev Environ Contam Toxicol,10.1007/398_2021_65,https://link.springer.com/chapter/10.1007/398_2021_65,Springer,2021
34724574,Rev Environ Contam Toxicol,10.1007/398_2021_65,https://link.springer.com/chapter/10.1007/398_2021_65,Springer,2021
34625837,Rev Environ Contam Toxicol,10.1007/398_2021_81,https://link.springer.com/chapter/10.1007/398_2021_81,Springer,2021
1813943,Restorative Dent,,,,1991
1813943,Restorative Dent,,,,1991
2284457,Restorative Dent,,,,1990
2701021,Rev Esp Endodoncia,,,,1989
2701021,Rev Esp Endodoncia,,,,1989
2640036,Rev Esp Endodoncia,,,,1989
2152096,Rev Fac Odontol Univ Chile,,,,1990
2152096,Rev Fac Odontol Univ Chile,,,,1990
2135906,Rev Fac Odontol Univ Chile,,,,1990
5274842,Rev Ateneo Catedra Tec Oper Dent,,,,1970
5274842,Rev Ateneo Catedra Tec Oper Dent,,,,1970
4395074,Rev Ateneo Catedra Tec Oper Dent,,,,1970
2100357,Revis Biol Celular,,,,1990
2100357,Revis Biol Celular,,,,1990
2484018,Revis Biol Celular,,,,1989
10288465,Respir Manage,,,,1988
10288465,Respir Manage,,,,1988
10316240,Respir Manage,,,,1988
5408981,Rev Atheroscler (Paris),,,,1969
5408981,Rev Atheroscler (Paris),,,,1969
5966025,Rev Atheroscler (Paris),,,,1966
3509845,Rev Fac Odontol Ribeiro Preto,,,,1986
3509845,Rev Fac Odontol Ribeiro Preto,,,,1986
3541075,Rev Fac Odontol Ribeiro Preto,,,,1986
38896656,Rev Soc Bras Med Trop,10.1590/0037-8682-0168-2024,https://www.scielo.br/j/rsbmt/a/nCj3ytjFsBv7nmcGhBn5trj/?lang=en,Unknown,2024
38896656,Rev Soc Bras Med Trop,10.1590/0037-8682-0168-2024,https://www.scielo.br/j/rsbmt/a/nCj3ytjFsBv7nmcGhBn5trj/?lang=en,Unknown,2024
38324807,Rev Soc Bras Med Trop,10.1590/0037-8682-0413-2024,,Unknown,2024
38896697,Rev Gaucha Enferm,10.1590/1983-1447.2024.20240083.en,https://www.scielo.br/j/rgenf/a/8qRsrsj8T9mKWfNHRzzt7Nx/?lang=en,Unknown,2024
38896697,Rev Gaucha Enferm,10.1590/1983-1447.2024.20240083.en,https://www.scielo.br/j/rgenf/a/8qRsrsj8T9mKWfNHRzzt7Nx/?lang=en,Unknown,2024
38324882,Rev Gaucha Enferm,10.1590/1983-1447.2024.20230114.en,https://www.scielo.br/j/rgenf/a/cKfJDvyD5b64MhnkkQ56qyS/?lang=en,Unknown,2024
6599316,Rev Belge Med Dent,,,,1983
6599316,Rev Belge Med Dent,,,,1983
6932685,Rev Belge Med Dent,,,,1980
2701253,Rev Actual Estomatol Esp,,,,1989
2701253,Rev Actual Estomatol Esp,,,,1989
2638029,Rev Actual Estomatol Esp,,,,1989
5862551,Rev Belg Pathol Med Exp,,,,1965
5862551,Rev Belg Pathol Med Exp,,,,1965
13887208,Rev Belg Pathol Med Exp,,,,1961
1816615,Rev Fr Endod,,,,1991
1816615,Rev Fr Endod,,,,1991
3077184,Rev Fr Endod,,,,1988
6553959,RN (For Managers),,,,1983
6553959,RN (For Managers),,,,1983
6920828,RN (For Managers),,,,1982
2520351,Rev Fac Odontol Univ Nac (Cordoba),,,,1989
2520351,Rev Fac Odontol Univ Nac (Cordoba),,,,1989
2520347,Rev Fac Odontol Univ Nac (Cordoba),,,,1989
1924917,Rev Fr Prothes Dent,,,,1991
1924917,Rev Fr Prothes Dent,,,,1991
3299527,Rev Fr Prothes Dent,,,,1987
5236904,Rev Biol Oral,,,,1966
5236904,Rev Biol Oral,,,,1966
5224745,Rev Biol Oral,,,,1965
36742162,Rev Biol Trop,10.15517/rbt.v69i2.45428,https://revistas.ucr.ac.cr/index.php/rbt/article/view/45428,Unknown,2021
36742162,Rev Biol Trop,10.15517/rbt.v69i2.45428,https://revistas.ucr.ac.cr/index.php/rbt/article/view/45428,Unknown,2021
29465829,Rev Biol Trop,,,,2016
11188880,Rev Bras Biol,10.1590/s0034-71082000000300019,https://www.scielo.br/j/rbbio/a/ykyQ3qSdc69HnSJ7BNvQtNt/?lang=en,Unknown,2000
11188880,Rev Bras Biol,10.1590/s0034-71082000000300019,https://www.scielo.br/j/rbbio/a/ykyQ3qSdc69HnSJ7BNvQtNt/?lang=en,Unknown,2000
11188874,Rev Bras Biol,10.1590/s0034-71082000000300013,https://www.scielo.br/j/rbbio/a/Nh5XpNxThRxYc7VQ8Mn3Rrz/?lang=en,Unknown,2000
5854437,Rev Bras Cir,,,,1965
5854437,Rev Bras Cir,,,,1965
14229165,Rev Bras Cir,,,,1964
38896717,Rev Bras Enferm,10.1590/0034-7167.20247702e06,https://www.scielo.br/j/reben/a/cDmwVhqKzwsmBQkwGLpTYTf/?lang=en,Unknown,2024
38896717,Rev Bras Enferm,10.1590/0034-7167.20247702e06,https://www.scielo.br/j/reben/a/cDmwVhqKzwsmBQkwGLpTYTf/?lang=en,Unknown,2024
38422314,Rev Bras Enferm,10.1590/0034-7167.20247701e04,https://www.scielo.br/j/reben/a/Hpj88LNNnZ7QKdSKjvY5rpc/?lang=en,Unknown,2024
5716473,Rev Bras Gastroenterol,,,,1968
5716473,Rev Bras Gastroenterol,,,,1968
13687294,Rev Bras Gastroenterol,,,,1960
252105,Rhod Nurse (1978),,,,1978
252105,Rhod Nurse (1978),,,,1978
252104,Rhod Nurse (1978),,,,1978
5748411,Rev Bras Leprol,,,,1968
5748411,Rev Bras Leprol,,,,1968
13568192,Rev Bras Leprol,,,,1957
3267859,Rev Bras Malariol Doencas Trop,,,,1986
3267859,Rev Bras Malariol Doencas Trop,,,,1986
398545,Rev Bras Malariol Doencas Trop,,,,1978
38862436,Risk Anal,10.1111/risa.14340,https://onlinelibrary.wiley.com/doi/10.1111/risa.14340,Wiley,2024
38862436,Risk Anal,10.1111/risa.14340,https://onlinelibrary.wiley.com/doi/10.1111/risa.14340,Wiley,2024
38389434,Risk Anal,10.1111/risa.14286,https://onlinelibrary.wiley.com/doi/10.1111/risa.14286,Wiley,2024
128808,R I Med J (1974),,,,1975
128808,R I Med J (1974),,,,1975
128116,R I Med J (1974),,,,1975
1837170,R I Med J,,,,1991
1837170,R I Med J,,,,1991
1947663,R I Med J,,,,1991
10827758,Rev Infirm Assist Soc,,,,1999
10827758,Rev Infirm Assist Soc,,,,1999
4194854,Rev Infirm Assist Soc,,,,1970
9177627,Riv Eur Sci Med Farmacol,,,,1996
9177627,Riv Eur Sci Med Farmacol,,,,1996
9177626,Riv Eur Sci Med Farmacol,,,,1996
5053078,Rev Bras Med,,,,1972
5053078,Rev Bras Med,,,,1972
5136037,Rev Bras Med,,,,1971
397547,Rev Bras Odontol,,,,1979
397547,Rev Bras Odontol,,,,1979
370919,Rev Bras Odontol,,,,1977
5562466,Rev Bras Oftalmol,,,,1971
5562466,Rev Bras Oftalmol,,,,1971
5354660,Rev Bras Oftalmol,,,,1969
7414027,Rev Bras Pesqui Med Biol,,,,1980
7414027,Rev Bras Pesqui Med Biol,,,,1980
7414022,Rev Bras Pesqui Med Biol,,,,1980
7335929,Rev Can Biol,,,,1981
7335929,Rev Can Biol,,,,1981
7244322,Rev Can Biol,,,,1981
6686887,Rev Can Biol Exp,,,,1983
6686887,Rev Can Biol Exp,,,,1983
6685898,Rev Can Biol Exp,,,,1983
5272889,Rev Cent Am Odontol,,,,1970
5272889,Rev Cent Am Odontol,,,,1970
5272889,Rev Cent Am Odontol,,,,1970
5317682,Rev Latinoam Microbiol Parasitol (Mex),,,,1969
5317682,Rev Latinoam Microbiol Parasitol (Mex),,,,1969
5317685,Rev Latinoam Microbiol Parasitol (Mex),,,,1968
32346186,Rev Chil Obstet Ginecol,10.4067/s0717-75262018000100027,https://www.scielo.cl/scielo.php?script=sci_arttext&pid=S0717-75262018000100027&lng=en&nrm=iso&tlng=en,Unknown,2018
32346186,Rev Chil Obstet Ginecol,10.4067/s0717-75262018000100027,https://www.scielo.cl/scielo.php?script=sci_arttext&pid=S0717-75262018000100027&lng=en&nrm=iso&tlng=en,Unknown,2018
7659798,Rev Chil Obstet Ginecol,,,,1994
33861843,Rev Chil Pediatr,10.32641/rchped.vi91i6.2991,,Unknown,2020
33861839,Rev Chil Pediatr,10.32641/rchped.vi91i6.3075,,Unknown,2020
2151645,Rev Chir Oncol Radiol O R L Oftalmol Stomatol Chir,,,,1990
2151645,Rev Chir Oncol Radiol O R L Oftalmol Stomatol Chir,,,,1990
2531449,Rev Chir Oncol Radiol O R L Oftalmol Stomatol Chir,,,,1989
2559431,Rev Chir Oncol Radiol O R L Oftalmol Stomatol Ser Oftalmol,,,,1989
2559431,Rev Chir Oncol Radiol O R L Oftalmol Stomatol Ser Oftalmol,,,,1989
2527390,Rev Chir Oncol Radiol O R L Oftalmol Stomatol Ser Oftalmol,,,,1989
2529617,Rev Chir Oncol Radiol O R L Oftalmol Stomatol Otorinolaringol,,,,1989
2529617,Rev Chir Oncol Radiol O R L Oftalmol Stomatol Otorinolaringol,,,,1989
2978442,Rev Chir Oncol Radiol O R L Oftalmol Stomatol Otorinolaringol,,,,1988
2535050,Rev Chir Oncol Radiol O R L Oftalmol Stomatol Ser Stomatol,,,,1989
2535050,Rev Chir Oncol Radiol O R L Oftalmol Stomatol Ser Stomatol,,,,1989
2978346,Rev Chir Oncol Radiol O R L Oftalmol Stomatol Ser Stomatol,,,,1988
19046696,Rev Chir Orthop Reparatrice Appar Mot,10.1016/j.rco.2008.09.006,https://linkinghub.elsevier.com/retrieve/pii/S0035104008006429,ScienceDirect,2008
19046696,Rev Chir Orthop Reparatrice Appar Mot,10.1016/j.rco.2008.09.006,https://linkinghub.elsevier.com/retrieve/pii/S0035104008006429,ScienceDirect,2008
18555867,Rev Chir Orthop Reparatrice Appar Mot,10.1016/j.rco.2008.01.004,https://linkinghub.elsevier.com/retrieve/pii/S0035104008000706,ScienceDirect,2008
5859286,Rev Cir Urug,,,,1965
5859286,Rev Cir Urug,,,,1965
5859277,Rev Cir Urug,,,,1965
6598658,Rev Circ Argent Odontol,,,,1984
6598658,Rev Circ Argent Odontol,,,,1984
362492,Rev Circ Argent Odontol,,,,1977
5290319,Rev Circ Odontol Cordoba,,,,1968
5290319,Rev Circ Odontol Cordoba,,,,1968
5245088,Rev Circ Odontol Cordoba,,,,1967
4535762,Rev Circ Odontol Sur,,,,1973
4535762,Rev Circ Odontol Sur,,,,1973
5241162,Rev Circ Odontol Sur,,,,1967
9934238,Rev Cubana Enferm,,,,1998
9934238,Rev Cubana Enferm,,,,1998
1842626,Rev Cubana Enferm,,,,1991
5633226,Rev Clin Inst Matern Lisb,,,,1967
5633226,Rev Clin Inst Matern Lisb,,,,1967
5302214,Rev Clin Inst Matern Lisb,,,,1967
4902474,Rev Col Estomatol Guatem,,,,1969
4902474,Rev Col Estomatol Guatem,,,,1969
5214774,Rev Col Estomatol Guatem,,,,1965
38914070,Rofo,10.1055/a-2309-4169,https://www.thieme-connect.de/products/ejournals/abstract/10.1055/a-2309-4169,Unknown,2024
38914070,Rofo,10.1055/a-2309-4169,https://www.thieme-connect.de/products/ejournals/abstract/10.1055/a-2309-4169,Unknown,2024
38508167,Rofo,10.1055/a-2259-6464,https://www.thieme-connect.de/products/ejournals/abstract/10.1055/a-2259-6464,Unknown,2024
4808081,Riv Ostet Ginecol Prat Med Perinat,,,,1973
4808081,Riv Ostet Ginecol Prat Med Perinat,,,,1973
4620236,Riv Ostet Ginecol Prat Med Perinat,,,,1973
5894726,Rev Col Med Guatem,,,,1965
5894726,Rev Col Med Guatem,,,,1965
13888607,Rev Col Med Guatem,,,,1961
38421228,Rev Colomb Obstet Ginecol,10.18597/rcog.4012,https://revista.fecolsog.org/index.php/rcog/article/view/4012,Unknown,2023
38421228,Rev Colomb Obstet Ginecol,10.18597/rcog.4012,https://revista.fecolsog.org/index.php/rcog/article/view/4012,Unknown,2023
35503297,Rev Colomb Obstet Ginecol,10.18597/rcog.3810,https://revista.fecolsog.org/index.php/rcog/article/view/3810,Unknown,2022
5831416,Rev Colomb Pediatr Pueric,,,,1965
5831416,Rev Colomb Pediatr Pueric,,,,1965
13707136,Rev Colomb Pediatr Pueric,,,,1960
4348756,Rev Corps Sante Armees Terre Mer Air,,,,1972
4348756,Rev Corps Sante Armees Terre Mer Air,,,,1972
4248565,Rev Corps Sante Armees Terre Mer Air,,,,1970
2701127,Rev Cubana Estomatol,,,,1989
2701127,Rev Cubana Estomatol,,,,1989
3507751,Rev Cubana Estomatol,,,,1987
23447830,Rev Cubana Med Trop,,,,2012
23447830,Rev Cubana Med Trop,,,,2012
23424808,Rev Cubana Med Trop,,,,2012
413171,Rev Czech Med,,,,1977
413171,Rev Czech Med,,,,1977
407634,Rev Czech Med,,,,1977
37193577,Rev Econ Stat,10.1162/rest_a_01070,https://direct.mit.edu/rest/article/105/2/237/102833/The-Two-Margin-Problem-in-Insurance-Markets,Unknown,2023
37193577,Rev Econ Stat,10.1162/rest_a_01070,https://direct.mit.edu/rest/article/105/2/237/102833/The-Two-Margin-Problem-in-Insurance-Markets,Unknown,2023
28690342,Rev Econ Stat,10.1162/REST_a_00544,https://direct.mit.edu/rest/article/98/3/591-600/58354,Unknown,2016
3333882,Rev Drug Metab Drug Interact,10.1515/dmdi.1987.5.4.273,https://www.degruyter.com/document/doi/10.1515/DMDI.1987.5.4.273/html,Unknown,1987
3333882,Rev Drug Metab Drug Interact,10.1515/dmdi.1987.5.4.273,https://www.degruyter.com/document/doi/10.1515/DMDI.1987.5.4.273/html,Unknown,1987
3333882,Rev Drug Metab Drug Interact,10.1515/dmdi.1987.5.4.273,https://www.degruyter.com/document/doi/10.1515/DMDI.1987.5.4.273/html,Unknown,1987
4525591,Rev Dent (San Salv),,,,1973
4525591,Rev Dent (San Salv),,,,1973
5221855,Rev Dent (San Salv),,,,1966
397557,Rev Dent (St Domingo),,,,1979
397557,Rev Dent (St Domingo),,,,1979
356141,Rev Dent (St Domingo),,,,1977
1871394,Rev Dent Chile,,,,1991
1871394,Rev Dent Chile,,,,1991
2561776,Rev Dent Chile,,,,1989
4614340,Rev Dent Liban,,,,1974
4614340,Rev Dent Liban,,,,1974
4608029,Rev Dent Liban,,,,1974
755264,Rev Ecuat Hig Med Trop,,,,1977
755264,Rev Ecuat Hig Med Trop,,,,1977
384482,Rev Ecuat Hig Med Trop,,,,1977
3438532,Rev Electroencephalogr Neurophysiol Clin,10.1016/s0370-4475(87)80087-4,https://linkinghub.elsevier.com/retrieve/pii/S0370447587800874,ScienceDirect,1987
3438532,Rev Electroencephalogr Neurophysiol Clin,10.1016/s0370-4475(87)80087-4,https://linkinghub.elsevier.com/retrieve/pii/S0370447587800874,ScienceDirect,1987
3103177,Rev Electroencephalogr Neurophysiol Clin,10.1016/s0370-4475(86)80028-4,https://linkinghub.elsevier.com/retrieve/pii/S0370447586800284,ScienceDirect,1986
6598678,Rinsho Shishubyo Danwakai Kaishi,,,,1984
6598678,Rinsho Shishubyo Danwakai Kaishi,,,,1984
6399145,Rinsho Shishubyo Danwakai Kaishi,,,,1984
9244937,Rev Elev Med Vet Pays Trop,,,,1996
9244937,Rev Elev Med Vet Pays Trop,,,,1996
7863074,Rev Elev Med Vet Pays Trop,,,,1994
4493617,Rev Enferm (Lisboa),,,,1973
4493617,Rev Enferm (Lisboa),,,,1973
5184141,Rev Enferm (Lisboa),,,,1968
250875,Rev Enferm Nov Dimens,,,,1978
250875,Rev Enferm Nov Dimens,,,,1978
585125,Rev Enferm Nov Dimens,,,,1977
38889394,Rev Environ Health,10.1515/reveh-2024-0017,https://www.degruyter.com/document/doi/10.1515/reveh-2024-0017/html,Unknown,2024
38889394,Rev Environ Health,10.1515/reveh-2024-0017,https://www.degruyter.com/document/doi/10.1515/reveh-2024-0017/html,Unknown,2024
36038264,Rev Environ Health,10.1515/reveh-2022-0105,https://www.degruyter.com/document/doi/10.1515/reveh-2022-0105/html,Unknown,2023
38899929,Rev Esc Enferm USP,10.1590/1980-220X-REEUSP-2023-0383en,https://www.scielo.br/j/reeusp/a/B3vGbKzXsxnjfcM35Jgvzwv/?lang=en,Unknown,2024
38899929,Rev Esc Enferm USP,10.1590/1980-220X-REEUSP-2023-0383en,https://www.scielo.br/j/reeusp/a/B3vGbKzXsxnjfcM35Jgvzwv/?lang=en,Unknown,2024
38133529,Rev Esc Enferm USP,10.1590/1980-220X-REEUSP-2023-0370en,https://www.scielo.br/j/reeusp/a/VBBqbL9Ym55Lb4kG3Dt6qNz/?lang=en,Unknown,2023
4535877,Rev Esc Odontol Tucuman,,,,1974
4535877,Rev Esc Odontol Tucuman,,,,1974
5291700,Rev Esc Odontol Tucuman,,,,1971
38620142,Rev Esp Anestesiol Reanim,10.1016/j.redar.2022.07.005,https://linkinghub.elsevier.com/retrieve/pii/S0034935623001378,ScienceDirect,2023
38620142,Rev Esp Anestesiol Reanim,10.1016/j.redar.2022.07.005,https://linkinghub.elsevier.com/retrieve/pii/S0034935623001378,ScienceDirect,2023
28267990,Rev Esp Anestesiol Reanim,10.1016/j.redar.2017.02.001,https://linkinghub.elsevier.com/retrieve/pii/S0034935617300336,ScienceDirect,2017
3333983,Rev Bras Odontol Mil,,,,1987
3333983,Rev Bras Odontol Mil,,,,1987
3333983,Rev Bras Odontol Mil,,,,1987
38901690,Rev Esp Cardiol,10.1016/j.rec.2024.06.001,https://linkinghub.elsevier.com/retrieve/pii/S1885585724001919,ScienceDirect,2024
38901690,Rev Esp Cardiol,10.1016/j.rec.2024.06.001,https://linkinghub.elsevier.com/retrieve/pii/S1885585724001919,ScienceDirect,2024
38844073,Rev Esp Cardiol,10.1016/j.rec.2024.05.006,https://linkinghub.elsevier.com/retrieve/pii/S1885585724001816,ScienceDirect,2024
6562682,RCN Nurs Stand,,,,1984
6562682,RCN Nurs Stand,,,,1984
6366941,RCN Nurs Stand,,,,1984
2699055,Rev Esp Enferm Apar Dig,,,,1989
2699055,Rev Esp Enferm Apar Dig,,,,1989
2813916,Rev Esp Enferm Apar Dig,,,,1989
3268970,Rev Esp Estomatol,,,,1988
3268970,Rev Esp Estomatol,,,,1988
3466267,Rev Esp Estomatol,,,,1986
9542776,Rev Esp Fisiol,,,,1997
9542776,Rev Esp Fisiol,,,,1997
8606993,Rev Esp Fisiol,,,,1995
504764,Rev Esp Obstet Ginecol,,,,1979
504764,Rev Esp Obstet Ginecol,,,,1979
746240,Rev Esp Obstet Ginecol,,,,1978
3916869,Rev Esp Oncol,,,,1985
3916869,Rev Esp Oncol,,,,1985
6571330,Rev Esp Oncol,,,,1984
461940,Rev Esp Otoneurooftalmol Neurocir,,,,1979
461940,Rev Esp Otoneurooftalmol Neurocir,,,,1979
823616,Rev Esp Otoneurooftalmol Neurocir,,,,1976
5258562,Rev Esp Parad,,,,1969
5258562,Rev Esp Parad,,,,1969
5247792,Rev Esp Parad,,,,1967
5851550,Rev Esp Pediatr,,,,1965
5851550,Rev Esp Pediatr,,,,1965
14269790,Rev Esp Pediatr,,,,1964
7455318,Rev Esp Reum Enferm Osteoartic,,,,1980
7455318,Rev Esp Reum Enferm Osteoartic,,,,1980
4456492,Rev Esp Reum Enferm Osteoartic,,,,1974
5323821,Rev Esp Tuberc,,,,1965
5323821,Rev Esp Tuberc,,,,1965
13943192,Rev Esp Tuberc,,,,1962
10183427,Rev Fed Am Health Syst,,,,1990
10183427,Rev Fed Am Health Syst,,,,1990
10107705,Rev Fed Am Health Syst,,,,1990
10270475,Rev Public Data Use,,,,1984
10270475,Rev Public Data Use,,,,1984
10298213,Rev Public Data Use,,,,1980
4660002,Rev Eur Etud Clin Biol,,,,1972
4660002,Rev Eur Etud Clin Biol,,,,1972
4648182,Rev Eur Etud Clin Biol,,,,1972
3870329,Rev Fac Odontol Univ Fed Bahia,,,,1985
3870329,Rev Fac Odontol Univ Fed Bahia,,,,1985
2947291,Rev Fac Odontol Univ Fed Bahia,,,,1985
4438812,Rev Fac Cienc Med Cordoba,,,,1974
4438812,Rev Fac Cienc Med Cordoba,,,,1974
5733190,Rev Fac Cienc Med Cordoba,,,,1968
607357,Rev Fac Cien Med Univ Nac Cordoba (1975),,,,1977
607357,Rev Fac Cien Med Univ Nac Cordoba (1975),,,,1977
1005894,Rev Fac Cien Med Univ Nac Cordoba (1975),,,,1976
38537102,Rev Fac Cien Med Univ Nac Cordoba,10.31053/1853.0605.v81.n1.40992,https://revistas.unc.edu.ar/index.php/med/article/view/40992,Unknown,2024
38537102,Rev Fac Cien Med Univ Nac Cordoba,10.31053/1853.0605.v81.n1.40992,https://revistas.unc.edu.ar/index.php/med/article/view/40992,Unknown,2024
37402261,Rev Fac Cien Med Univ Nac Cordoba,10.31053/1853.0605.v80.n1.36817,https://revistas.unc.edu.ar/index.php/med/article/view/36817,Unknown,2023
1088542,Rev Farm Bioquim Univ Sao Paulo,,,,1976
1088542,Rev Farm Bioquim Univ Sao Paulo,,,,1976
1228830,Rev Farm Bioquim Univ Sao Paulo,,,,1975
2218054,RGO,,,,1990
2218054,RGO,,,,1990
3077838,RGO,,,,1988
4620790,Rev Fac Farm Odontol Araraquara,,,,1974
4620790,Rev Fac Farm Odontol Araraquara,,,,1974
4258318,Rev Fac Farm Odontol Araraquara,,,,1971
6015178,Rev Fac Med Univ Nac Colomb,,,,1966
6015178,Rev Fac Med Univ Nac Colomb,,,,1966
14433419,Rev Fac Med Univ Nac Colomb,,,,1959
5274845,Rev Farm Odontol,,,,1969
5274845,Rev Farm Odontol,,,,1969
5274845,Rev Farm Odontol,,,,1969
2099567,Rev Odontol UNESP,,,,1990
2099567,Rev Odontol UNESP,,,,1990
3253888,Rev Odontol UNESP,,,,1988
399050,Rev Fac Odontol Aracatuba,,,,1978
399050,Rev Fac Odontol Aracatuba,,,,1978
399050,Rev Fac Odontol Aracatuba,,,,1978
7001583,Rev Fac Odontol Univ Nac Colomb,,,,1980
7001583,Rev Fac Odontol Univ Nac Colomb,,,,1980
5296320,Rev Fac Odontol Univ Nac Colomb,,,,1966
1078256,Rev Fac Odontol P Alegre,,,,1976
1078256,Rev Fac Odontol P Alegre,,,,1976
5228487,Rev Fac Odontol P Alegre,,,,1966
1078016,Rev Fac Odontol Pernambuco,,,,1975
1078016,Rev Fac Odontol Pernambuco,,,,1975
5293609,Rev Fac Odontol Pernambuco,,,,1971
3507775,Rev Fac Odontol Sao Paulo,,,,1986
3507775,Rev Fac Odontol Sao Paulo,,,,1986
392649,Rev Fac Odontol Sao Paulo,,,,1978
3078064,Rev Fed Odontol Colomb,,,,1988
3078064,Rev Fed Odontol Colomb,,,,1988
3272446,Rev Fed Odontol Colomb,,,,1988
5293223,Rev Fed Odontol Ecuat,,,,1971
5293223,Rev Fed Odontol Ecuat,,,,1971
5261740,Rev Fed Odontol Ecuat,,,,1969
1077601,Rev Fac Odontol Sao Jose Dos Campos,,,,1976
1077601,Rev Fac Odontol Sao Jose Dos Campos,,,,1976
1076734,Rev Fac Odontol Sao Jose Dos Campos,,,,1976
5337487,Rev FOA,,,,1966
5337487,Rev FOA,,,,1966
5337486,Rev FOA,,,,1966
6963722,Rev Fac Odontol Tucuman,,,,1982
6963722,Rev Fac Odontol Tucuman,,,,1982
6963720,Rev Fac Odontol Tucuman,,,,1982
4649619,Rev Fr Allergol,10.1016/s0035-2845(72)80028-3,https://linkinghub.elsevier.com/retrieve/pii/S0035284572800283,ScienceDirect,1972
4649619,Rev Fr Allergol,10.1016/s0035-2845(72)80028-3,https://linkinghub.elsevier.com/retrieve/pii/S0035284572800283,ScienceDirect,1972
5503150,Rev Fr Allergol,10.1016/s0035-2845(70)80040-3,https://linkinghub.elsevier.com/retrieve/pii/S0035284570800403,ScienceDirect,1970
4664430,Rev Fr Endocrinol Clin,,,,1972
4664430,Rev Fr Endocrinol Clin,,,,1972
5819920,Rev Fr Endocrinol Clin,,,,1969
6878856,Rev Fr Mal Respir,,,,1983
6878856,Rev Fr Mal Respir,,,,1983
7100613,Rev Fr Mal Respir,,,,1982
5377894,Rev Fr Etud Clin Biol,,,,1969
5377894,Rev Fr Etud Clin Biol,,,,1969
5377893,Rev Fr Etud Clin Biol,,,,1969
5854446,Rev Gerontol Expr Fr,,,,1965
5854446,Rev Gerontol Expr Fr,,,,1965
5855200,Rev Gerontol Expr Fr,,,,1965
8677413,Rev Fr Gynecol Obstet,,,,1995
8677413,Rev Fr Gynecol Obstet,,,,1995
7644866,Rev Fr Gynecol Obstet,,,,1995
5292727,Rev Fr Odontostomatol,,,,1971
5292727,Rev Fr Odontostomatol,,,,1971
4395819,Rev Fr Odontostomatol,,,,1970
7017880,Rev Fr Prothese Dent,,,,1981
7017880,Rev Fr Prothese Dent,,,,1981
5222938,Rev Fr Prothese Dent,,,,1966
4676438,Rev Fr Psychanal,,,,1972
4676438,Rev Fr Psychanal,,,,1972
4650063,Rev Fr Psychanal,,,,1972
4618922,Rev Fr Transfus,10.1016/s0035-2977(74)80044-1,https://linkinghub.elsevier.com/retrieve/pii/S0035297774800441,ScienceDirect,1974
4618922,Rev Fr Transfus,10.1016/s0035-2977(74)80044-1,https://linkinghub.elsevier.com/retrieve/pii/S0035297774800441,ScienceDirect,1974
5003855,Rev Fr Transfus,10.1016/s0035-2977(71)80027-5,https://linkinghub.elsevier.com/retrieve/pii/S0035297771800275,ScienceDirect,1971
3238278,Rev Fr Transfus Immunohematol,10.1016/s0338-4535(88)80084-9,https://linkinghub.elsevier.com/retrieve/pii/S0338453588800849,ScienceDirect,1988
3238278,Rev Fr Transfus Immunohematol,10.1016/s0338-4535(88)80084-9,https://linkinghub.elsevier.com/retrieve/pii/S0338453588800849,ScienceDirect,1988
3212310,Rev Fr Transfus Immunohematol,10.1016/s0338-4535(88)80116-8,https://linkinghub.elsevier.com/retrieve/pii/S0338453588801168,ScienceDirect,1988
36684811,Rev Gastroenterol Mex,10.1016/j.rgmx.2022.08.003,https://linkinghub.elsevier.com/retrieve/pii/S0375090623000022,ScienceDirect,2023
36684811,Rev Gastroenterol Mex,10.1016/j.rgmx.2022.08.003,https://linkinghub.elsevier.com/retrieve/pii/S0375090623000022,ScienceDirect,2023
28579054,Rev Gastroenterol Mex,10.1016/j.rgmx.2017.04.002,https://linkinghub.elsevier.com/retrieve/pii/S0375090617300733,ScienceDirect,2017
274781,Rev Gaucha Odontol,,,,1977
274781,Rev Gaucha Odontol,,,,1977
802135,Rev Gaucha Odontol,,,,1975
578584,Rev Ginecol Obstet (Sao Paulo),,,,1977
578584,Rev Ginecol Obstet (Sao Paulo),,,,1977
14182124,Rev Ginecol Obstet (Sao Paulo),,,,1964
3269013,Rev Guatem Estomatol,,,,1988
3269013,Rev Guatem Estomatol,,,,1988
5288140,Rev Guatem Estomatol,,,,1971
5236951,Rev Hist Art Dent,,,,1967
5236951,Rev Hist Art Dent,,,,1967
14316012,Rev Hist Art Dent,,,,1965
16722003,Rev Hosp Clin Fac Med Sao Paulo,,,,2003
16722003,Rev Hosp Clin Fac Med Sao Paulo,,,,2003
15122417,Rev Hosp Clin Fac Med Sao Paulo,10.1590/s0041-87812004000200001,https://www.scielo.br/j/rhc/a/pXMXrS7vcnNSRwbSCL434Gs/?lang=en,Unknown,2004
5863059,Rev Hyg Med Soc,,,,1965
5863059,Rev Hyg Med Soc,,,,1965
5847372,Rev Hyg Med Soc,,,,1965
1013578,Rev Iber Endocrinol,,,,1976
1013578,Rev Iber Endocrinol,,,,1976
4438920,Rev Iber Endocrinol,,,,1974
2173124,Rev Ig Bacteriol Virusol Parazitol Epidemiol Pneumoftiziol Bacteriol Virusol Parazitol Epidemiol,,,,1990
2173124,Rev Ig Bacteriol Virusol Parazitol Epidemiol Pneumoftiziol Bacteriol Virusol Parazitol Epidemiol,,,,1990
3057585,Rev Ig Bacteriol Virusol Parazitol Epidemiol Pneumoftiziol Bacteriol Virusol Parazitol Epidemiol,,,,1988
2560256,Rev Ig Bacteriol Virusol Parazitol Epidemiol Pneumoftiziol Pneumoftiziol,,,,1989
2560256,Rev Ig Bacteriol Virusol Parazitol Epidemiol Pneumoftiziol Pneumoftiziol,,,,1989
2559454,Rev Ig Bacteriol Virusol Parazitol Epidemiol Pneumoftiziol Pneumoftiziol,,,,1989
4667163,Rev Immunol (Paris),,,,1972
4667163,Rev Immunol (Paris),,,,1972
4562118,Rev Immunol (Paris),,,,1972
38901916,Rev Infirm,10.1016/j.revinf.2024.05.018,https://linkinghub.elsevier.com/retrieve/pii/S1293850524001581,ScienceDirect,2024
38901916,Rev Infirm,10.1016/j.revinf.2024.05.018,https://linkinghub.elsevier.com/retrieve/pii/S1293850524001581,ScienceDirect,2024
38901905,Rev Infirm,10.1016/j.revinf.2024.05.007,https://linkinghub.elsevier.com/retrieve/pii/S1293850524001465,ScienceDirect,2024
585935,Rev Infirm Infirm Aux Que,,,,1977
585935,Rev Infirm Infirm Aux Que,,,,1977
585935,Rev Infirm Infirm Aux Que,,,,1977
4620478,Rev Inst Antibiot (Recife),,,,1974
4620478,Rev Inst Antibiot (Recife),,,,1974
5161611,Rev Inst Antibiot (Recife),,,,1971
1299935,Rev Paul Enferm,,,,1992
1299935,Rev Paul Enferm,,,,1992
3852400,Rev Paul Enferm,,,,1985
6879046,Rev Inst Hyg Mines (Hasselt),,,,1983
6879046,Rev Inst Hyg Mines (Hasselt),,,,1983
1029062,Rev Inst Hyg Mines (Hasselt),,,,1976
38865575,Rev Inst Med Trop Sao Paulo,10.1590/S1678-9946202466037,https://www.scielo.br/j/rimtsp/a/NRRKVqvtrZmRVnfZWr7BNxw/?lang=en,Unknown,2024
38865575,Rev Inst Med Trop Sao Paulo,10.1590/S1678-9946202466037,https://www.scielo.br/j/rimtsp/a/NRRKVqvtrZmRVnfZWr7BNxw/?lang=en,Unknown,2024
38865573,Rev Inst Med Trop Sao Paulo,10.1590/S1678-9946202466035,https://www.scielo.br/j/rimtsp/a/kDmsDyNwQcbZDtWVSPHXFGf/?lang=en,Unknown,2024
5031455,Rev Inst Nac Cancerol (Mex),,,,1972
5031455,Rev Inst Nac Cancerol (Mex),,,,1972
14304508,Rev Inst Nac Cancerol (Mex),,,,1965
7268270,Rev Interam Radiol,,,,1981
7268270,Rev Interam Radiol,,,,1981
594559,Rev Interam Radiol,,,,1977
5890760,Rev Inst Salubr Enferm Trop,,,,1965
5890760,Rev Inst Salubr Enferm Trop,,,,1965
13935837,Rev Inst Salubr Enferm Trop,,,,1962
4564833,Sci Educ Bull,,,,1972
4564833,Sci Educ Bull,,,,1972
4508671,Sci Educ Bull,,,,1972
4589270,Sci Educ J,,,,1973
4589270,Sci Educ J,,,,1973
4520830,Sci Educ J,,,,1973
3432761,Semin Adolesc Med,,,,1987
3432761,Semin Adolesc Med,,,,1987
2955493,Semin Adolesc Med,,,,1987
5408515,Rev Int Hepatol,,,,1969
5408515,Rev Int Hepatol,,,,1969
5726057,Rev Int Hepatol,,,,1968
8532967,Sarcoidosis,,,,1995
8532967,Sarcoidosis,,,,1995
8140307,Sarcoidosis,,,,1993
5857715,Rev Int Serv Sante Armees,,,,1965
5857715,Rev Int Serv Sante Armees,,,,1965
13936066,Rev Int Serv Sante Armees,,,,1963
6963460,Rev Catarinense Odontol,,,,1981
6963460,Rev Catarinense Odontol,,,,1981
802422,Rev Catarinense Odontol,,,,1976
4603601,Rev Int Trach,,,,1974
4603601,Rev Int Trach,,,,1974
4641561,Rev Int Trach,,,,1972
7384661,Rev Int Trach Pathol Ocul Trop Subtrop,,,,1980
7384661,Rev Int Trach Pathol Ocul Trop Subtrop,,,,1980
33431,Rev Int Trach Pathol Ocul Trop Subtrop,,,,1978
9889582,Rev Int Trach Pathol Ocul Trop Subtrop Sante Publique,,,,1997
9889582,Rev Int Trach Pathol Ocul Trop Subtrop Sante Publique,,,,1997
1669646,Rev Int Trach Pathol Ocul Trop Subtrop Sante Publique,,,,1991
6000612,Rev Invest (Guadalajara),,,,1966
6000612,Rev Invest (Guadalajara),,,,1966
5999784,Rev Invest (Guadalajara),,,,1966
12298142,Scand J Prim Health Care Suppl,10.1080/028134302317310697,https://www.tandfonline.com/doi/full/10.1080/028134302317310697,Taylor & Francis,2002
12298142,Scand J Prim Health Care Suppl,10.1080/028134302317310697,https://www.tandfonline.com/doi/full/10.1080/028134302317310697,Taylor & Francis,2002
8146479,Scand J Prim Health Care Suppl,10.3109/02813439309045488,https://www.tandfonline.com/doi/full/10.3109/02813439309045488,Taylor & Francis,1993
6947358,Rev Costarric Cienc Med,,,,1981
6947358,Rev Costarric Cienc Med,,,,1981
6947358,Rev Costarric Cienc Med,,,,1981
2639471,Rev Iberoam Ortod,,,,1989
2639471,Rev Iberoam Ortod,,,,1989
6589703,Rev Iberoam Ortod,,,,1983
38781952,Rev Invest Clin,10.24875/RIC.24000042,https://www.clinicalandtranslationalinvestigation.com/frame_esp.php?id=500,Unknown,2024
38781952,Rev Invest Clin,10.24875/RIC.24000042,https://www.clinicalandtranslationalinvestigation.com/frame_esp.php?id=500,Unknown,2024
36328029,Rev Invest Clin,10.24875/RIC.22000184,https://www.clinicalandtranslationalinvestigation.com/frame_esp.php?id=438,Unknown,2022
1925118,Sel Cancer Ther,10.1089/sct.1991.7.9,https://www.liebertpub.com/doi/10.1089/sct.1991.7.9,Unknown,1991
1925118,Sel Cancer Ther,10.1089/sct.1991.7.9,https://www.liebertpub.com/doi/10.1089/sct.1991.7.9,Unknown,1991
1771296,Sel Cancer Ther,10.1089/sct.1991.7.103,https://www.liebertpub.com/doi/10.1089/sct.1991.7.103,Unknown,1991
616623,Rev Invest Salud Publica,,,,1977
616623,Rev Invest Salud Publica,,,,1977
1085013,Rev Invest Salud Publica,,,,1975
26749606,Rev Laryngol Otol Rhinol (Bord),,,,2015
26749606,Rev Laryngol Otol Rhinol (Bord),,,,2015
26521367,Rev Laryngol Otol Rhinol (Bord),,,,2014
5854449,Rev Latinoam Cir Plast,,,,1965
5854449,Rev Latinoam Cir Plast,,,,1965
14307017,Rev Latinoam Cir Plast,,,,1964
11657761,Second Opin,,,,1999
11657761,Second Opin,,,,1999
11659288,Second Opin,,,,1990
14679479,Semin Respir Infect,10.1053/s0882-0546(03)00068-9,https://linkinghub.elsevier.com/retrieve/pii/S0882054603000689,ScienceDirect,2003
14679479,Semin Respir Infect,10.1053/s0882-0546(03)00068-9,https://linkinghub.elsevier.com/retrieve/pii/S0882054603000689,ScienceDirect,2003
12497544,Semin Respir Infect,10.1053/srin.2002.36445,https://linkinghub.elsevier.com/retrieve/pii/S0882054602500050,ScienceDirect,2002
38914127,Semin Neurol,10.1055/s-0044-1787808,https://www.thieme-connect.de/products/ejournals/abstract/10.1055/s-0044-1787808,Unknown,2024
38914127,Semin Neurol,10.1055/s-0044-1787808,https://www.thieme-connect.de/products/ejournals/abstract/10.1055/s-0044-1787808,Unknown,2024
38897212,Semin Neurol,10.1055/s-0044-1787011,https://www.thieme-connect.de/products/ejournals/abstract/10.1055/s-0044-1787011,Unknown,2024
38902183,Semin Oncol Nurs,10.1016/j.soncn.2024.151658,https://linkinghub.elsevier.com/retrieve/pii/S0749208124001074,ScienceDirect,2024
38902183,Semin Oncol Nurs,10.1016/j.soncn.2024.151658,https://linkinghub.elsevier.com/retrieve/pii/S0749208124001074,ScienceDirect,2024
38834449,Semin Oncol Nurs,10.1016/j.soncn.2024.151652,https://linkinghub.elsevier.com/retrieve/pii/S0749208124001001,ScienceDirect,2024
10889877,Semin Vet Med Surg Small Anim,10.1016/s1096-2867(97)80022-9,https://linkinghub.elsevier.com/retrieve/pii/S1096286797800229,ScienceDirect,1997
10889877,Semin Vet Med Surg Small Anim,10.1016/s1096-2867(97)80022-9,https://linkinghub.elsevier.com/retrieve/pii/S1096286797800229,ScienceDirect,1997
8532978,Semin Vet Med Surg Small Anim,,,,1995
18693550,Rev Latinoam Microbiol,,,,2007
18693550,Rev Latinoam Microbiol,,,,2007
17061566,Rev Latinoam Microbiol,,,,2001
4548209,Rev Latinoam Patol,,,,1973
4548209,Rev Latinoam Patol,,,,1973
5315222,Rev Latinoam Patol,,,,1970
3269623,Rev Reg Aracatuba Assoc Paul Cir Dent,,,,1988
3269623,Rev Reg Aracatuba Assoc Paul Cir Dent,,,,1988
2978630,Rev Reg Aracatuba Assoc Paul Cir Dent,,,,1988
5519093,Rev Lyon Med,,,,1970
5519093,Rev Lyon Med,,,,1970
5519092,Rev Lyon Med,,,,1970
38834047,Stereotact Funct Neurosurg,10.1159/000538931,https://karger.com/sfn/article-abstract/doi/10.1159/000538931/908179/Hand-Dystonia-after-Focused-Ultrasound-Thalamotomy?redirectedFrom=fulltext,Karger,2024
38834047,Stereotact Funct Neurosurg,10.1159/000538931,https://karger.com/sfn/article-abstract/doi/10.1159/000538931/908179/Hand-Dystonia-after-Focused-Ultrasound-Thalamotomy?redirectedFrom=fulltext,Karger,2024
35944492,Stereotact Funct Neurosurg,10.1159/000526053,https://karger.com/sfn/article-abstract/100/5-6/314/841735/Botulinum-Toxin-as-an-Effective-Treatment-for?redirectedFrom=fulltext,Karger,2022
4159404,Rev Med Aeronaut,,,,1965
4159404,Rev Med Aeronaut,,,,1965
14078353,Rev Med Aeronaut,,,,1963
38801392,Rev Med Chil,10.4067/s0034-98872023000600805,https://www.scielo.cl/scielo.php?script=sci_arttext&pid=S0034-98872023000600805&lng=en&nrm=iso&tlng=en,Unknown,2023
38801392,Rev Med Chil,10.4067/s0034-98872023000600805,https://www.scielo.cl/scielo.php?script=sci_arttext&pid=S0034-98872023000600805&lng=en&nrm=iso&tlng=en,Unknown,2023
37906789,Rev Med Chil,10.4067/s0034-98872022001201674,https://www.scielo.cl/scielo.php?script=sci_arttext&pid=S0034-98872022001201674&lng=en&nrm=iso&tlng=en,Unknown,2022
5580581,Rev Med Chir Mal Foie,,,,1971
5580581,Rev Med Chir Mal Foie,,,,1971
4915549,Rev Med Chir Mal Foie,,,,1970
1838422,Shoni Shikagaku Zasshi,,,,1991
1838422,Shoni Shikagaku Zasshi,,,,1991
2134135,Shoni Shikagaku Zasshi,,,,1990
1962019,Showa Shigakkai Zasshi,,,,1991
1962019,Showa Shigakkai Zasshi,,,,1991
2130409,Showa Shigakkai Zasshi,,,,1990
30141892,Rev Med Chir Soc Med Nat Iasi,,,,2016
30141892,Rev Med Chir Soc Med Nat Iasi,,,,2016
30141942,Rev Med Chir Soc Med Nat Iasi,,,,2016
3870141,Showa Igakkai Zasshi,,,,1985
3870141,Showa Igakkai Zasshi,,,,1985
14031496,Showa Igakkai Zasshi,,,,1963
5859131,Rev Med Costa Rica,,,,1965
5859131,Rev Med Costa Rica,,,,1965
14211179,Rev Med Costa Rica,,,,1964
38839291,J UOEH,10.7888/juoeh.46.227,https://www.jstage.jst.go.jp/article/juoeh/46/2/46_227/_article,Unknown,2024
38839291,J UOEH,10.7888/juoeh.46.227,https://www.jstage.jst.go.jp/article/juoeh/46/2/46_227/_article,Unknown,2024
35660685,J UOEH,10.7888/juoeh.44.191,https://www.jstage.jst.go.jp/article/juoeh/44/2/44_191/_article/-char/ja/,Unknown,2022
38900545,Scand J Prim Health Care,10.1080/02813432.2024.2368849,https://www.tandfonline.com/doi/full/10.1080/02813432.2024.2368849,Taylor & Francis,2024
38900545,Scand J Prim Health Care,10.1080/02813432.2024.2368849,https://www.tandfonline.com/doi/full/10.1080/02813432.2024.2368849,Taylor & Francis,2024
38214890,Scand J Prim Health Care,10.1080/02813432.2023.2301562,https://www.tandfonline.com/doi/full/10.1080/02813432.2023.2301562,Taylor & Francis,2024
10316228,Softw Healthc,,,,1987
10316228,Softw Healthc,,,,1987
10300390,Softw Healthc,,,,1985
11885869,Sch Inq Nurs Pract,,,,2001
11885869,Sch Inq Nurs Pract,,,,2001
9188269,Sch Inq Nurs Pract,,,,1997
4089357,Surv Immunol Res,10.1007/BF02918675,https://link.springer.com/article/10.1007/BF02918675,Springer,1985
4089357,Surv Immunol Res,10.1007/BF02918675,https://link.springer.com/article/10.1007/BF02918675,Springer,1985
6609399,Surv Immunol Res,10.1007/BF02918594,https://link.springer.com/article/10.1007/BF02918594,Springer,1984
7638475,Semin Urol,,,,1995
7638475,Semin Urol,,,,1995
7689739,Semin Urol,,,,1993
35959361,Rev Med Hondur,,,,2017
35959361,Rev Med Hondur,,,,2017
5858736,Rev Med Hondur,,,,1965
38847100,Scand J Caring Sci,10.1111/scs.13274,https://onlinelibrary.wiley.com/doi/10.1111/scs.13274,Wiley,2024
38847100,Scand J Caring Sci,10.1111/scs.13274,https://onlinelibrary.wiley.com/doi/10.1111/scs.13274,Wiley,2024
37749903,Scand J Caring Sci,10.1111/scs.13216,https://onlinelibrary.wiley.com/doi/10.1111/scs.13216,Wiley,2024
5858271,Rev Med Hosp Gen (Mex),,,,1965
5858271,Rev Med Hosp Gen (Mex),,,,1965
14174172,Rev Med Hosp Gen (Mex),,,,1964
5885396,Rev Med Int Photo Cinema Telev,,,,1965
5885396,Rev Med Int Photo Cinema Telev,,,,1965
14019834,Rev Med Int Photo Cinema Telev,,,,1962
1982193,Rev Med Interna Neurol Psihiatr Neurochir Dermatovenerol Med Interna,,,,1990
1982193,Rev Med Interna Neurol Psihiatr Neurochir Dermatovenerol Med Interna,,,,1990
2577012,Rev Med Interna Neurol Psihiatr Neurochir Dermatovenerol Med Interna,,,,1989
2237011,Rev Med Interna Neurol Psihiatr Neurochir Dermatovenerol Neurol Psihiatr Neurochir,,,,1990
2237011,Rev Med Interna Neurol Psihiatr Neurochir Dermatovenerol Neurol Psihiatr Neurochir,,,,1990
1700459,Rev Med Interna Neurol Psihiatr Neurochir Dermatovenerol Neurol Psihiatr Neurochir,,,,1990
30321008,Rev Med Brux,,,,2018
30321008,Rev Med Brux,,,,2018
30320996,Rev Med Brux,,,,2018
38869139,Rev Med Liege,,,,2024
38869139,Rev Med Liege,,,,2024
38223970,Rev Med Liege,,,,2024
9634381,Scanning Microsc Suppl,,,,1996
9634381,Scanning Microsc Suppl,,,,1996
2694274,Scanning Microsc Suppl,,,,1989
5264196,Rev Med Moyen Orient,,,,1967
5264196,Rev Med Moyen Orient,,,,1967
5269293,Rev Med Moyen Orient,,,,1967
9496115,Soins Chir,,,,1997
9496115,Soins Chir,,,,1997
9026873,Soins Chir,,,,1996
3381045,Somatosens Res,10.3109/07367228809144637,https://www.tandfonline.com/doi/full/10.3109/07367228809144637,Taylor & Francis,1988
3381045,Somatosens Res,10.3109/07367228809144637,https://www.tandfonline.com/doi/full/10.3109/07367228809144637,Taylor & Francis,1988
6679920,Somatosens Res,10.3109/07367228309144543,https://www.tandfonline.com/doi/full/10.3109/07367228309144543,Taylor & Francis,1983
5068490,Rev Med Psychosom Psychol Med,,,,1972
5068490,Rev Med Psychosom Psychol Med,,,,1972
4678925,Rev Med Psychosom Psychol Med,,,,1972
15688874,Rev Med Suisse Romande,,,,2004
15688874,Rev Med Suisse Romande,,,,2004
15209056,Rev Med Suisse Romande,,,,2004
10489482,Schweiz Rundsch Med Prax,,,,1999
10489482,Schweiz Rundsch Med Prax,,,,1999
7939052,Schweiz Rundsch Med Prax,,,,1994
8303155,Sr Nurse,,,,1994
8303155,Sr Nurse,,,,1994
8235199,Sr Nurse,,,,1993
19994771,Rev Med Univ Navarra,,,,2009
19994771,Rev Med Univ Navarra,,,,2009
16400980,Rev Med Univ Navarra,,,,2005
14648785,Semin Surg Oncol,10.1002/ssu.10046,https://onlinelibrary.wiley.com/doi/10.1002/ssu.10046,Wiley,2003
14648785,Semin Surg Oncol,10.1002/ssu.10046,https://onlinelibrary.wiley.com/doi/10.1002/ssu.10046,Wiley,2003
11135484,Semin Surg Oncol,10.1002/1098-2388(200010/11)19:3<272::aid-ssu9>3.0.co;2-f,https://onlinelibrary.wiley.com/doi/10.1002/1098-2388(200010/11)19:3%3C272::AID-SSU9%3E3.0.CO;2-F,Wiley,2000
5858274,Rev Mex Cir Ginecol Cancer,,,,1965
5858274,Rev Mex Cir Ginecol Cancer,,,,1965
5858273,Rev Mex Cir Ginecol Cancer,,,,1965
5861632,Rev Mex Urol,,,,1965
5861632,Rev Mex Urol,,,,1965
14141284,Rev Mex Urol,,,,1964
1114847,Subsid Med,,,,1975
1114847,Subsid Med,,,,1975
4212861,Subsid Med,,,,1974
17369871,Suom Hammaslaakarilehti,,,,2006
17369871,Suom Hammaslaakarilehti,,,,2006
2636449,Suom Hammaslaakarilehti,,,,1989
7323572,Rev Neuropsiquiatr,,,,1980
7323572,Rev Neuropsiquiatr,,,,1980
4799942,Rev Neuropsiquiatr,,,,1973
6596684,Surg Gastroenterol,,,,1984
6596684,Surg Gastroenterol,,,,1984
6522905,Surg Gastroenterol,,,,1984
3939385,Surv Synth Pathol Res,10.1159/000156991,,Unknown,1985
3939385,Surv Synth Pathol Res,10.1159/000156991,,Unknown,1985
2938244,Surv Synth Pathol Res,10.1159/000156977,https://karger.com/ssp/article.aspx?articleid=296073,Karger,1985
749145,Rev Neuropsychiatr Infant,,,,1978
749145,Rev Neuropsychiatr Infant,,,,1978
684316,Rev Neuropsychiatr Infant,,,,1978
5535092,Rev Obstet Ginecol Venez,,,,1970
5535092,Rev Obstet Ginecol Venez,,,,1970
5513350,Rev Obstet Ginecol Venez,,,,1970
1076780,Rev Odontoestomatol,,,,1976
1076780,Rev Odontoestomatol,,,,1976
5236956,Rev Odontoestomatol,,,,1967
1077608,Rev Odontoimplantol,,,,1975
1077608,Rev Odontoimplantol,,,,1975
5276028,Rev Odontoimplantol,,,,1970
5293676,Rev Odontol (Cordoba),,,,1971
5293676,Rev Odontol (Cordoba),,,,1971
5293268,Rev Odontol (Cordoba),,,,1970
5247809,Rev Odontol (La Paz),,,,1968
5247809,Rev Odontol (La Paz),,,,1968
4235557,Rev Odontol (La Paz),,,,1968
4609144,Rev Odontol Costa Rica,,,,1973
4609144,Rev Odontol Costa Rica,,,,1973
4511682,Rev Odontol Costa Rica,,,,1972
4535780,Rev Odontol Circ Odontol Parag,,,,1974
4535780,Rev Odontol Circ Odontol Parag,,,,1974
5287928,Rev Odontol Circ Odontol Parag,,,,1971
5282362,Rev Odontol Concepcion,,,,1969
5282362,Rev Odontol Concepcion,,,,1969
5247812,Rev Odontol Concepcion,,,,1967
6591322,Rev Odontol Ecuat,,,,1983
6591322,Rev Odontol Ecuat,,,,1983
6963730,Rev Odontol Ecuat,,,,1982
5236955,Rev Odontol P R (Santurce),,,,1967
5236955,Rev Odontol P R (Santurce),,,,1967
4866268,Rev Odontol P R (Santurce),,,,1967
2700829,Rev Odontol P R,,,,1989
2700829,Rev Odontol P R,,,,1989
3870038,Rev Odontol P R,,,,1985
1805336,Revmatologiia (Mosk),,,,1991
1805336,Revmatologiia (Mosk),,,,1991
2218262,Revmatologiia (Mosk),,,,1990
5284777,Rev Odontol St Catarina,,,,1969
5284777,Rev Odontol St Catarina,,,,1969
5285214,Rev Odontol St Catarina,,,,1968
1811312,Rev Odontostomatol (Paris),,,,1991
1811312,Rev Odontostomatol (Paris),,,,1991
1843553,Rev Odontostomatol (Paris),,,,1991
3939160,Rev Odontostomatol Midi Fr,,,,1985
3939160,Rev Odontostomatol Midi Fr,,,,1985
6941352,Rev Odontostomatol Midi Fr,,,,1981
4599187,Rev Odontostomatol Nordest,,,,1973
4599187,Rev Odontostomatol Nordest,,,,1973
5293146,Rev Odontostomatol Nordest,,,,1971
38912822,Sleep,10.1093/sleep/zsae138,https://academic.oup.com/crawlprevention/governor?content=%2fsleep%2fadvance-article%2fdoi%2f10.1093%2fsleep%2fzsae138%2f7697844,Oxford University Press,2024
38912822,Sleep,10.1093/sleep/zsae138,https://academic.oup.com/crawlprevention/governor?content=%2fsleep%2fadvance-article%2fdoi%2f10.1093%2fsleep%2fzsae138%2f7697844,Oxford University Press,2024
38430544,Sleep,10.1093/sleep/zsae059,https://academic.oup.com/crawlprevention/governor?content=%2fsleep%2farticle%2fdoi%2f10.1093%2fsleep%2fzsae059%2f7618058,Oxford University Press,2024
1775861,Rev Infect Dis,10.1093/clinids/13.6.1246,https://academic.oup.com/crawlprevention/governor?content=%2fcid%2farticle-lookup%2fdoi%2f10.1093%2fclinids%2f13.6.1246,Oxford University Press,1991
1775861,Rev Infect Dis,10.1093/clinids/13.6.1246,https://academic.oup.com/crawlprevention/governor?content=%2fcid%2farticle-lookup%2fdoi%2f10.1093%2fclinids%2f13.6.1246,Oxford University Press,1991
1775844,Rev Infect Dis,10.1093/clinids/13.6.1108,https://academic.oup.com/crawlprevention/governor?content=%2fcid%2farticle-lookup%2fdoi%2f10.1093%2fclinids%2f13.6.1108,Oxford University Press,1991
6531571,Rev Otoneuroophtalmol,,,,1984
6531571,Rev Otoneuroophtalmol,,,,1984
6672953,Rev Otoneuroophtalmol,,,,1983
1887176,Rev Orthop Dento Faciale,,,,1991
1887176,Rev Orthop Dento Faciale,,,,1991
1857902,Rev Orthop Dento Faciale,,,,1991
5898413,Rev Pathol Comp,,,,1965
5898413,Rev Pathol Comp,,,,1965
14269794,Rev Pathol Comp,,,,1964
7244499,Rev Paul Endodontia,,,,1980
7244499,Rev Paul Endodontia,,,,1980
6934582,Rev Paul Endodontia,,,,1980
8052796,Rev Paul Med,,,,1993
8052796,Rev Paul Med,,,,1993
1341016,Rev Paul Med,,,,1992
5251648,Rev Paul Odontol,,,,1968
5251648,Rev Paul Odontol,,,,1968
5251648,Rev Paul Odontol,,,,1968
12282445,Rev Pediatr Obstet Ginecol Obstet Ginecol,,,,1987
12282445,Rev Pediatr Obstet Ginecol Obstet Ginecol,,,,1987
4619844,Rev Pediatr Obstet Ginecol Obstet Ginecol,,,,1974
2128721,Rev Pediatr Obstet Ginecol Pediatr,,,,1990
2128721,Rev Pediatr Obstet Ginecol Pediatr,,,,1990
2505361,Rev Pediatr Obstet Ginecol Pediatr,,,,1989
4527571,Rev Pernambucana Odontol,,,,1973
4527571,Rev Pernambucana Odontol,,,,1973
4527271,Rev Pernambucana Odontol,,,,1973
3526509,Rev ADM (1979),,,,1986
3526509,Rev ADM (1979),,,,1986
3016862,Rev ADM (1979),,,,1985
2041977,Rev Port Estomatol Cir Maxilofac,,,,1991
2041977,Rev Port Estomatol Cir Maxilofac,,,,1991
2135469,Rev Port Estomatol Cir Maxilofac,,,,1990
5822217,Rev Port Pediatr Pueric,,,,1969
5822217,Rev Port Pediatr Pueric,,,,1969
5753603,Rev Port Pediatr Pueric,,,,1968
4769473,Rev Port Pediatr,,,,1973
4769473,Rev Port Pediatr,,,,1973
4203618,Rev Port Pediatr,,,,1973
38833245,Rev Prat,,,,2024
38833245,Rev Prat,,,,2024
38833222,Rev Prat,,,,2024
1364064,Rev Rhum Mal Osteoartic,,,,1992
1364064,Rev Rhum Mal Osteoartic,,,,1992
1306590,Rev Rhum Mal Osteoartic,,,,1992
1821076,Endocrinologie,,,,1991
1821076,Endocrinologie,,,,1991
2510246,Endocrinologie,,,,1989
5170832,Rev Roum Inframicrobiol,,,,1971
5170832,Rev Roum Inframicrobiol,,,,1971
4366887,Rev Roum Inframicrobiol,,,,1971
4618372,Rev Roum Med,,,,1974
4618372,Rev Roum Med,,,,1974
4462196,Rev Roum Med,,,,1974
1215805,Rev Roum Med Intern,,,,1975
1215805,Rev Roum Med Intern,,,,1975
4743750,Rev Roum Med Intern,,,,1973
4617282,Rev Roum Morphol Embryol,,,,1974
4617282,Rev Roum Morphol Embryol,,,,1974
4458034,Rev Roum Morphol Embryol,,,,1974
2100880,Med Interne,,,,1990
2100880,Med Interne,,,,1990
2694321,Med Interne,,,,1989
4796616,Rev Roum Neurol,,,,1973
4796616,Rev Roum Neurol,,,,1973
5284928,Rev Roum Neurol,,,,1971
2609083,Neurol Psychiatr (Bucur),,,,1989
2609083,Neurol Psychiatr (Bucur),,,,1989
2955510,Neurol Psychiatr (Bucur),,,,1987
1135604,Rev Roum Neurol Psychiatr,,,,1975
1135604,Rev Roum Neurol Psychiatr,,,,1975
4846956,Rev Roum Neurol Psychiatr,,,,1974
1306090,Rev Roum Physiol,,,,1992
1306090,Rev Roum Physiol,,,,1992
1306087,Rev Roum Physiol,,,,1992
4619846,Rev Roum Morphol Physiol,,,,1974
4619846,Rev Roum Morphol Physiol,,,,1974
4469178,Rev Roum Morphol Physiol,,,,1974
7644887,Rev Sanid Hig Publica (Madr),,,,1995
7644887,Rev Sanid Hig Publica (Madr),,,,1995
7716430,Rev Sanid Hig Publica (Madr),,,,1994
5156559,Rev Sanid Milit Argent,,,,1971
5156559,Rev Sanid Milit Argent,,,,1971
4898874,Rev Sanid Milit Argent,,,,1968
38747871,Rev Saude Publica,10.11606/s1518-8787.2024058005484err,https://revistas.usp.br/rsp/article/view/225286,Unknown,2024
38747871,Rev Saude Publica,10.11606/s1518-8787.2024058005484err,https://revistas.usp.br/rsp/article/view/225286,Unknown,2024
37255121,Rev Saude Publica,10.11606/s1518-8787.2023057004717,https://www.revistas.usp.br/rsp/article/view/212214,Unknown,2023
38912913,Rev Sci Instrum,10.1063/5.0215176,https://pubs.aip.org/aip/rsi/article-abstract/95/6/065007/3299198/A-new-setup-for-measurements-of-absolute?redirectedFrom=fulltext,Unknown,2024
38912913,Rev Sci Instrum,10.1063/5.0215176,https://pubs.aip.org/aip/rsi/article-abstract/95/6/065007/3299198/A-new-setup-for-measurements-of-absolute?redirectedFrom=fulltext,Unknown,2024
38836718,Rev Sci Instrum,10.1063/5.0206110,https://pubs.aip.org/aip/rsi/article-abstract/95/6/065002/3296008/Analysis-of-output-characteristics-of-positive?redirectedFrom=fulltext,Unknown,2024
283523,Rev SESDA,,,,1977
283523,Rev SESDA,,,,1977
4610698,Rev SESDA,,,,1974
4681780,Rev Soc Argent Biol,,,,1972
4681780,Rev Soc Argent Biol,,,,1972
5744870,Rev Soc Argent Biol,,,,1968
7036327,Rev Infirm Inf,,,,1981
7036327,Rev Infirm Inf,,,,1981
6910125,Rev Infirm Inf,,,,1981
5220662,Rev Soc Colomb Ortod,,,,1966
5220662,Rev Soc Colomb Ortod,,,,1966
5220662,Rev Soc Colomb Ortod,,,,1966
5950273,Rev Soc Peru Endocrinol,,,,1966
5950273,Rev Soc Peru Endocrinol,,,,1966
5860049,Rev Soc Peru Endocrinol,,,,1965
23409286,Rev Stomatol Chir Maxillofac,,,,2012
23409286,Rev Stomatol Chir Maxillofac,,,,2012
23182690,Rev Stomatol Chir Maxillofac,10.1016/j.stomax.2012.07.008,https://linkinghub.elsevier.com/retrieve/pii/S0035176812001696,ScienceDirect,2012
6936761,Rev Stomatoodontol Nord Fr,,,,1980
6936761,Rev Stomatoodontol Nord Fr,,,,1980
4471482,Rev Stomatoodontol Nord Fr,,,,1974
574313,Rev Suisse Zool,,,,1979
574313,Rev Suisse Zool,,,,1979
4445823,Rev Suisse Zool,10.5962/bhl.part.76054,https://www.biodiversitylibrary.org/part/76054,Unknown,1974
918539,Rev Surg,,,,1977
918539,Rev Surg,,,,1977
1124334,Rev Surg,,,,1975
10242349,Ryan Advis Health Serv Gov Boards,,,,1979
10242349,Ryan Advis Health Serv Gov Boards,,,,1979
10242349,Ryan Advis Health Serv Gov Boards,,,,1979
4661602,Rev Tuberc Pneumol (Paris),,,,1972
4661602,Rev Tuberc Pneumol (Paris),,,,1972
5145864,Rev Tuberc Pneumol (Paris),,,,1971
6599171,Salud Bucal,,,,1984
6599171,Salud Bucal,,,,1984
6587543,Salud Bucal,,,,1983
9584712,Trends Tech Contemp Dent Lab,,,,1996
9584712,Trends Tech Contemp Dent Lab,,,,1996
7997800,Trends Tech Contemp Dent Lab,,,,1994
5513278,Rev Venez Sanid Asist Soc,,,,1970
5513278,Rev Venez Sanid Asist Soc,,,,1970
4989071,Rev Venez Sanid Asist Soc,,,,1969
5519836,Rev Venez Urol,,,,1970
5519836,Rev Venez Urol,,,,1970
5599444,Rev Venez Urol,,,,1967
6043498,Rheumatism,,,,1967
6043498,Rheumatism,,,,1967
5831424,Rheumatism,,,,1965
4674994,Rheumatol Phys Med,10.1093/rheumatology/11.8.380,https://academic.oup.com/crawlprevention/governor?content=%2frheumatology%2farticle-lookup%2fdoi%2f10.1093%2frheumatology%2f11.8.380,Oxford University Press,1972
4674994,Rheumatol Phys Med,10.1093/rheumatology/11.8.380,https://academic.oup.com/crawlprevention/governor?content=%2frheumatology%2farticle-lookup%2fdoi%2f10.1093%2frheumatology%2f11.8.380,Oxford University Press,1972
5551095,Rheumatol Phys Med,10.1093/rheumatology/11.1.40,https://academic.oup.com/crawlprevention/governor?content=%2frheumatology%2farticle-lookup%2fdoi%2f10.1093%2frheumatology%2f11.1.40,Oxford University Press,1971
7134746,Rheumatol Rehabil,10.1093/rheumatology/21.4.247,https://academic.oup.com/crawlprevention/governor?content=%2frheumatology%2farticle-lookup%2fdoi%2f10.1093%2frheumatology%2f21.4.247,Oxford University Press,1982
7134746,Rheumatol Rehabil,10.1093/rheumatology/21.4.247,https://academic.oup.com/crawlprevention/governor?content=%2frheumatology%2farticle-lookup%2fdoi%2f10.1093%2frheumatology%2f21.4.247,Oxford University Press,1982
7134746,Rheumatol Rehabil,10.1093/rheumatology/21.4.247,https://academic.oup.com/crawlprevention/governor?content=%2frheumatology%2farticle-lookup%2fdoi%2f10.1093%2frheumatology%2f21.4.247,Oxford University Press,1982
38908395,Rheumatology,10.1016/S2665-9913(24)00158-9,https://linkinghub.elsevier.com/retrieve/pii/S2665991324001589,ScienceDirect,2024
38908395,Rheumatology,10.1016/S2665-9913(24)00158-9,https://linkinghub.elsevier.com/retrieve/pii/S2665991324001589,ScienceDirect,2024
38897666,Rheumatology,10.1093/rheumatology/keae329,https://academic.oup.com/crawlprevention/governor?content=%2frheumatology%2fadvance-article%2fdoi%2f10.1093%2frheumatology%2fkeae329%2f7696332,Oxford University Press,2024
4807978,Thromb Diath Haemorrh Suppl,,,,1973
4807978,Thromb Diath Haemorrh Suppl,,,,1973
4617331,Thromb Diath Haemorrh Suppl,,,,1973
252105,Rhod Nurse,,,,1978
252105,Rhod Nurse,,,,1978
1047504,Rhod Nurse,,,,1976
4676982,Rhumatologie,,,,1972
4676982,Rhumatologie,,,,1972
5569011,Rhumatologie,,,,1971
10860038,R I Dent J,,,,1999
10860038,R I Dent J,,,,1999
9495921,R I Dent J,,,,1996
1837170,R I Med J (1976),,,,1991
1837170,R I Med J (1976),,,,1991
1887190,R I Med J (1976),,,,1991
5533500,Ric Sci,,,,1970
5533500,Ric Sci,,,,1970
5731696,Ric Sci,,,,1968
5893900,Ric Sci 2 Ser Pt 2 Rend B,,,,1965
5893900,Ric Sci 2 Ser Pt 2 Rend B,,,,1965
14146459,Ric Sci 2 Ser Pt 2 Rend B,,,,1964
1907762,Ric Clin Lab,10.1007/BF02919117,https://link.springer.com/article/10.1007/BF02919117,Springer,1991
1907762,Ric Clin Lab,10.1007/BF02919117,https://link.springer.com/article/10.1007/BF02919117,Springer,1991
2196662,Ric Clin Lab,10.1007/BF02877556,https://link.springer.com/article/10.1007/BF02877556,Springer,1990
38913328,Rhinology,10.4193/Rhin24.009,https://www.rhinologyjournal.com/Abstract.php?id=3185,Unknown,2024
38913328,Rhinology,10.4193/Rhin24.009,https://www.rhinologyjournal.com/Abstract.php?id=3185,Unknown,2024
38009582,Rhinology,10.4193/Rhin23.250,https://www.rhinologyjournal.com/Abstract.php?id=3138,Unknown,2024
5886580,Ric Sci 2 Ser Pt 1 Riv,,,,1965
5886580,Ric Sci 2 Ser Pt 1 Riv,,,,1965
14127760,Ric Sci 2 Ser Pt 1 Riv,,,,1964
5861191,Riforma Med,,,,1965
5861191,Riforma Med,,,,1965
5852262,Riforma Med,,,,1965
10122291,Risk Manage,,,,1992
10122291,Risk Manage,,,,1992
10280588,Risk Manage,,,,1987
9423138,Rinsho Kyobu Geka,,,,1994
9423138,Rinsho Kyobu Geka,,,,1994
9454302,Rinsho Kyobu Geka,,,,1994
3898326,Rinsho Shika,,,,1985
3898326,Rinsho Shika,,,,1985
155869,Rinsho Shika,,,,1979
752885,RISO Rep,,,,1978
752885,RISO Rep,,,,1978
1083058,RISO Rep,,,,1975
5523609,Riv Anat Patol Oncol,,,,1970
5523609,Riv Anat Patol Oncol,,,,1970
5760169,Riv Anat Patol Oncol,,,,1968
21449202,Riv Biol,,,,2010
21449202,Riv Biol,,,,2010
17592818,Riv Biol,,,,2007
5525848,Riv Clin Pediatr,,,,1970
5525848,Riv Clin Pediatr,,,,1970
5408413,Riv Clin Pediatr,,,,1969
5375570,TID Rep,,,,1969
5375570,TID Rep,,,,1969
24545625,TID Rep,,,,1960
1754824,Rev Alerg Mex (1987),,,,1991
1754824,Rev Alerg Mex (1987),,,,1991
3244987,Rev Alerg Mex (1987),,,,1988
5535854,Riv Crit Clin Med,,,,1970
5535854,Riv Crit Clin Med,,,,1970
5527342,Riv Crit Clin Med,,,,1970
3764310,Riv Emoter Immunoematol,,,,1986
3764310,Riv Emoter Immunoematol,,,,1986
6579591,Riv Emoter Immunoematol,,,,1983
10446628,Riv Inferm,,,,1998
10446628,Riv Inferm,,,,1998
9460468,Riv Inferm,,,,1997
5843191,Riv Gastroenterol,,,,1965
5843191,Riv Gastroenterol,,,,1965
14235193,Riv Gastroenterol,,,,1964
5840201,Riv Infort Mal Prof,,,,1965
5840201,Riv Infort Mal Prof,,,,1965
14343420,Riv Infort Mal Prof,,,,1964
5397606,Riv Ist Sieroter Ital,,,,1969
5397606,Riv Ist Sieroter Ital,,,,1969
4194913,Riv Ist Sieroter Ital,,,,1968
1088318,Riv Istochim Norm Patol,,,,1976
1088318,Riv Istochim Norm Patol,,,,1976
1025654,Riv Istochim Norm Patol,,,,1976
7466198,Riv Ital Ginecol,,,,1980
7466198,Riv Ital Ginecol,,,,1980
7256098,Riv Ital Ginecol,,,,1980
5525617,Riv Ital Ig,,,,1970
5525617,Riv Ital Ig,,,,1970
4988221,Riv Ital Ig,,,,1968
30278119,Rev Enferm,,,,2017
30278119,Rev Enferm,,,,2017
27548988,Rev Enferm,,,,2016
6598716,Riv Ital Stomatol,,,,1984
6598716,Riv Ital Stomatol,,,,1984
6592731,Riv Ital Stomatol,,,,1983
1808670,TMJ Update,,,,1991
1808670,TMJ Update,,,,1991
3479823,TMJ Update,,,,1987
6059642,Riv Malariol,,,,1967
6059642,Riv Malariol,,,,1967
13772462,Riv Malariol,,,,1961
3916831,Riv Med Aeronaut Spaz,,,,1985
3916831,Riv Med Aeronaut Spaz,,,,1985
6897922,Riv Med Aeronaut Spaz,,,,1982
5309638,Tech Note U S Natl Aeronaut Space Adm,,,,1969
5309638,Tech Note U S Natl Aeronaut Space Adm,,,,1969
13782723,Tech Note U S Natl Aeronaut Space Adm,,,,1961
6544517,Riv Neurobiol,,,,1984
6544517,Riv Neurobiol,,,,1984
6544475,Riv Neurobiol,,,,1984
1839936,Riv Neurol,,,,1991
1839936,Riv Neurol,,,,1991
1813977,Riv Neurol,,,,1991
38907685,Toxicol Pathol,10.1177/01926233241259998,https://journals.sagepub.com/doi/10.1177/01926233241259998,SAGE Publications,2024
38907685,Toxicol Pathol,10.1177/01926233241259998,https://journals.sagepub.com/doi/10.1177/01926233241259998,SAGE Publications,2024
35658751,Toxicol Pathol,10.1177/01926233221101309,https://journals.sagepub.com/doi/10.1177/01926233221101309,SAGE Publications,2022
5404221,Riv Ostet Ginecol,,,,1969
5404221,Riv Ostet Ginecol,,,,1969
5401188,Riv Ostet Ginecol,,,,1969
5893584,Riv Ostet Ginecol Prat,,,,1965
5893584,Riv Ostet Ginecol Prat,,,,1965
14269814,Riv Ostet Ginecol Prat,,,,1964
5408336,Riv Otoneurooftalmol,,,,1969
5408336,Riv Otoneurooftalmol,,,,1969
5408335,Riv Otoneurooftalmol,,,,1969
5147927,Riv Parassitol,,,,1971
5147927,Riv Parassitol,,,,1971
5393019,Riv Parassitol,,,,1969
5865586,Riv Patol Clin,,,,1965
5865586,Riv Patol Clin,,,,1965
14199696,Riv Patol Clin,,,,1964
5538176,Riv Patol Clin Sper,,,,1970
5538176,Riv Patol Clin Sper,,,,1970
5511914,Riv Patol Clin Sper,,,,1970
6571597,Trab Inst Cajal,,,,1984
6571597,Trab Inst Cajal,,,,1984
6897882,Trab Inst Cajal,,,,1981
5270315,Trodent,,,,1970
5270315,Trodent,,,,1970
5259071,Trodent,,,,1969
8826114,Trop Med Parasitol,,,,1995
8826114,Trop Med Parasitol,,,,1995
8826102,Trop Med Parasitol,,,,1995
5311026,Tech Rep SAM-TR,,,,1970
5311026,Tech Rep SAM-TR,,,,1970
5310329,Tech Rep SAM-TR,,,,1970
6100975,Riv Patol Nerv Ment,,,,1984
6100975,Riv Patol Nerv Ment,,,,1984
7256112,Riv Patol Nerv Ment,,,,1981
1037425,S TA NU,,,,1976
1037425,S TA NU,,,,1976
1243949,S TA NU,,,,1975
5030115,Riv Sper Freniatr Med Leg Alien Ment,,,,1972
5030115,Riv Sper Freniatr Med Leg Alien Ment,,,,1972
5143726,Riv Sper Freniatr Med Leg Alien Ment,,,,1971
11627704,Riv Stor Med,,,,1977
11627704,Riv Stor Med,,,,1977
11627468,Riv Stor Med,,,,1975
8469887,RN Ida,,,,1993
8469887,RN Ida,,,,1993
8469884,RN Ida,,,,1993
20017234,RN,,,,2009
20017234,RN,,,,2009
19548399,RN,,,,2009
2267550,RNABC News,,,,1990
2267550,RNABC News,,,,1990
3423655,RNABC News,,,,1987
2244165,RNAO News,,,,1990
2244165,RNAO News,,,,1990
3645779,RNAO News,,,,1987
523900,Rocky Mt Med J,,,,1979
523900,Rocky Mt Med J,,,,1979
462078,Rocky Mt Med J,,,,1979
3152153,Rocz Akad Med Im Juliana Marchlewskiego Bialymst,,,,1986
3152153,Rocz Akad Med Im Juliana Marchlewskiego Bialymst,,,,1986
3152151,Rocz Akad Med Im Juliana Marchlewskiego Bialymst,,,,1986
3041548,Rocz Akad Med Im Juliana Marchlewskiego Bialymst Suppl,,,,1988
3041548,Rocz Akad Med Im Juliana Marchlewskiego Bialymst Suppl,,,,1988
4875134,Rocz Akad Med Im Juliana Marchlewskiego Bialymst Suppl,,,,1967
38587208,Rocz Panstw Zakl Hig,10.32394/rpzh.2024.0286,https://roczniki.pzh.gov.pl,Unknown,2024
38587208,Rocz Panstw Zakl Hig,10.32394/rpzh.2024.0286,https://roczniki.pzh.gov.pl,Unknown,2024
37309847,Rocz Panstw Zakl Hig,10.32394/rpzh.2023.0253,https://roczniki.pzh.gov.pl,Unknown,2023
25518104,Rocz Pomor Akad Med,,,,2014
25518104,Rocz Pomor Akad Med,,,,2014
24734331,Rocz Pomor Akad Med,,,,2013
2287888,Rontgenblatter,,,,1990
2287888,Rontgenblatter,,,,1990
2339255,Rontgenblatter,,,,1990
4620806,Rev Asoc Prof Hosp Nac Odontol,,,,1974
4620806,Rev Asoc Prof Hosp Nac Odontol,,,,1974
4620804,Rev Asoc Prof Hosp Nac Odontol,,,,1974
19294878,Rontgenpraxis,10.1016/j.rontge.2007.06.002,https://linkinghub.elsevier.com/retrieve/pii/S0035782007000225,ScienceDirect,2008
19294878,Rontgenpraxis,10.1016/j.rontge.2007.06.002,https://linkinghub.elsevier.com/retrieve/pii/S0035782007000225,ScienceDirect,2008
14618968,Rontgenpraxis,,,,2003
5565322,Rom Med Rev,,,,1971
5565322,Rom Med Rev,,,,1971
4396523,Rom Med Rev,,,,1970
38886105,Rozhl Chir,10.33699/PIS.2024.103.3.100-103,https://perspinsurg.com/rvch/article/view/969,Unknown,2024
38886105,Rozhl Chir,10.33699/PIS.2024.103.3.100-103,https://perspinsurg.com/rvch/article/view/969,Unknown,2024
36717261,Rozhl Chir,10.33699/PIS.2022.101.11.536-539,https://perspinsurg.com/rvch/article/view/823,Unknown,2022
6082044,Rozpr Wydz Nauk Med,,,,1967
6082044,Rozpr Wydz Nauk Med,,,,1967
5973941,Rozpr Wydz Nauk Med,,,,1966
6046739,Rum Med Rev,,,,1967
6046739,Rum Med Rev,,,,1967
5863061,Rum Med Rev,,,,1965
14598666,Ryumachi,,,,2003
14598666,Ryumachi,,,,2003
12166115,Ryumachi,,,,2002
1087999,S Afr J Med Sci,,,,1976
1087999,S Afr J Med Sci,,,,1976
1162509,S Afr J Med Sci,,,,1975
38838129,S Afr J Surg,,,,2024
38838129,S Afr J Surg,,,,2024
38838111,S Afr J Surg,,,,2024
38525666,S Afr Med J,10.7196/SAMJ.2024.v114i1b.711,https://samajournals.co.za/index.php/samj/article/view/711,Unknown,2024
38525666,S Afr Med J,10.7196/SAMJ.2024.v114i1b.711,https://samajournals.co.za/index.php/samj/article/view/711,Unknown,2024
38525617,S Afr Med J,10.7196/SAMJ.2024.v114i1.1631,https://samajournals.co.za/index.php/samj/article/view/1631,Unknown,2023
247618,SA Nurs J,,,,1978
247618,SA Nurs J,,,,1978
329441,SA Nurs J,,,,1977
29616758,SAAD Dig,,,,2017
29616758,SAAD Dig,,,,2017
23544228,SAAD Dig,,,,2013
4095651,Sabouraudia,10.1080/00362178585380661,https://academic.oup.com/crawlprevention/governor?content=%2fmmy%2farticle-lookup%2fdoi%2f10.1080%2f00362178585380661,Oxford University Press,1985
4095651,Sabouraudia,10.1080/00362178585380661,https://academic.oup.com/crawlprevention/governor?content=%2fmmy%2farticle-lookup%2fdoi%2f10.1080%2f00362178585380661,Oxford University Press,1985
4012515,Sabouraudia,10.1080/00362178585380151,https://academic.oup.com/crawlprevention/governor?content=%2fmmy%2farticle-lookup%2fdoi%2f10.1080%2f00362178585380151,Oxford University Press,1985
5238219,Sac Explor,,,,1967
5238219,Sac Explor,,,,1967
14267512,Sac Explor,,,,1965
3642758,Sairaanh Vuosik,,,,1986
3642758,Sairaanh Vuosik,,,,1986
4483495,Sairaanh Vuosik,,,,1972
9526425,Sairaanhoitaja,,,,1998
9526425,Sairaanhoitaja,,,,1998
8260691,Sairaanhoitaja,,,,1993
5040574,Saishin Igaku,,,,1972
5040574,Saishin Igaku,,,,1972
5164908,Saishin Igaku,,,,1971
7157126,Samml Zwangl Abh Geb Psychiatr Neurol,,,,1982
7157126,Samml Zwangl Abh Geb Psychiatr Neurol,,,,1982
788203,Samml Zwangl Abh Geb Psychiatr Neurol,,,,1975
5283717,San Gabriel Val Dent Soc Bull,,,,1971
5283717,San Gabriel Val Dent Soc Bull,,,,1971
5267479,San Gabriel Val Dent Soc Bull,,,,1970
5068169,Sanfujinka No Jissai,,,,1972
5068169,Sanfujinka No Jissai,,,,1972
5172384,Sanfujinka No Jissai,,,,1971
10822774,Sangre (Barc),,,,1999
10822774,Sangre (Barc),,,,1999
10822767,Sangre (Barc),,,,1999
24282843,Soc Secur Bull,,,,2013
24282843,Soc Secur Bull,,,,2013
22191285,Soc Secur Bull,,,,2011
38899560,Soc Work Health Care,10.1080/00981389.2024.2365136,https://www.tandfonline.com/doi/full/10.1080/00981389.2024.2365136,Taylor & Francis,2024
38899560,Soc Work Health Care,10.1080/00981389.2024.2365136,https://www.tandfonline.com/doi/full/10.1080/00981389.2024.2365136,Taylor & Francis,2024
35430952,Soc Work Health Care,10.1080/00981389.2022.2060421,https://www.tandfonline.com/doi/full/10.1080/00981389.2022.2060421,Taylor & Francis,2022
1754948,Soc Secur Bull Annu Stat Suppl,,,,1991
1754948,Soc Secur Bull Annu Stat Suppl,,,,1991
6545478,Soc Secur Bull Annu Stat Suppl,,,,1984
10307308,South Med,,,,1977
10307308,South Med,,,,1977
10307308,South Med,,,,1977
38899909,Spec Care Dentist,10.1111/scd.13031,https://onlinelibrary.wiley.com/doi/10.1111/scd.13031,Wiley,2024
38899909,Spec Care Dentist,10.1111/scd.13031,https://onlinelibrary.wiley.com/doi/10.1111/scd.13031,Wiley,2024
38481370,Spec Care Dentist,10.1111/scd.12992,https://onlinelibrary.wiley.com/doi/10.1111/scd.12992,Wiley,2024
6554915,SCNA Newsl,,,,1983
6554915,SCNA Newsl,,,,1983
6908748,SCNA Newsl,,,,1981
6921897,Etud Soins Serv Infirm,,,,1981
6921897,Etud Soins Serv Infirm,,,,1981
6180485,Etud Soins Serv Infirm,,,,1980
3914092,Shikai Tenbo,,,,1985
3914092,Shikai Tenbo,,,,1985
3868131,Shikai Tenbo,,,,1985
10264104,State Gov,,,,1983
10264104,State Gov,,,,1983
10307812,State Gov,,,,1978
3275088,State Nurs Legis Q,,,,1987
3275088,State Nurs Legis Q,,,,1987
3275084,State Nurs Legis Q,,,,1987
12225939,Occup Med,,,,2002
12225939,Occup Med,,,,2002
11107231,Occup Med,,,,2001
33263367,Minerva Urol Nefrol,10.23736/S0393-2249.20.04018-7,https://www.minervamedica.it/alert.php,Unknown,2020
33263367,Minerva Urol Nefrol,10.23736/S0393-2249.20.04018-7,https://www.minervamedica.it/alert.php,Unknown,2020
32432437,Minerva Urol Nefrol,10.23736/S0393-2249.20.03921-1,https://www.minervamedica.it/index2.php?show=R19Y2020N06A0647,Unknown,2020
2218815,Sante Publique (Bucur),,,,1990
2218815,Sante Publique (Bucur),,,,1990
2781439,Sante Publique (Bucur),,,,1989
2135554,Shika Zairyo Kikai,,,,1990
2135554,Shika Zairyo Kikai,,,,1990
2135510,Shika Zairyo Kikai,,,,1990
89705,Soc Psychol,,,,1979
89705,Soc Psychol,,,,1979
684552,Soc Psychol,,,,1978
5169111,Sapporo Igaku Zasshi,,,,1971
5169111,Sapporo Igaku Zasshi,,,,1971
5530717,Sapporo Igaku Zasshi,,,,1970
15320534,Sb Lek,,,,2003
15320534,Sb Lek,,,,2003
12688157,Sb Lek,,,,2002
10317399,Same Day Surg,,,,1983
10317399,Same Day Surg,,,,1983
10317088,Same Day Surg,,,,1981
8693284,Sb Ved Pr Lek Fak Karlovy Univerzity Hradci Kralove,,,,1995
8693284,Sb Ved Pr Lek Fak Karlovy Univerzity Hradci Kralove,,,,1995
8584865,Sb Ved Pr Lek Fak Karlovy Univerzity Hradci Kralove,,,,1995
6588542,Scand J Plast Reconstr Surg Suppl,,,,1984
6588542,Scand J Plast Reconstr Surg Suppl,,,,1984
4328763,Scand J Plast Reconstr Surg Suppl,,,,1970
9441376,Sb Ved Pr Lek Fak Karlovy Univerzity Hradci Kralove Suppl,,,,1995
9441376,Sb Ved Pr Lek Fak Karlovy Univerzity Hradci Kralove Suppl,,,,1995
1815346,Sb Ved Pr Lek Fak Karlovy Univerzity Hradci Kralove Suppl,,,,1991
6579644,S C Dent J,,,,1983
6579644,S C Dent J,,,,1983
293888,S C Dent J,,,,1979
270808,S C Nurs,,,,1977
270808,S C Nurs,,,,1977
5220075,S C Nurs,,,,1966
5270315,SC Trodent,,,,1970
5270315,SC Trodent,,,,1970
5259073,SC Trodent,,,,1969
19198028,Scand J Urol Nephrol Suppl,,,,2008
19198028,Scand J Urol Nephrol Suppl,,,,2008
18815935,Scand J Urol Nephrol Suppl,10.1080/03008880802284258,https://www.tandfonline.com/doi/full/10.1080/03008880802284258,Taylor & Francis,2008
1514060,Scand J Immunol Suppl,10.1111/j.1365-3083.1992.tb01629.x,https://onlinelibrary.wiley.com/doi/10.1111/j.1365-3083.1992.tb01629.x,Wiley,1992
1514060,Scand J Immunol Suppl,10.1111/j.1365-3083.1992.tb01629.x,https://onlinelibrary.wiley.com/doi/10.1111/j.1365-3083.1992.tb01629.x,Wiley,1992
1514055,Scand J Immunol Suppl,10.1111/j.1365-3083.1992.tb01624.x,https://onlinelibrary.wiley.com/doi/10.1111/j.1365-3083.1992.tb01624.x,Wiley,1992
3515525,Scand J Haematol Suppl,10.1111/j.1600-0609.1986.tb00850.x,https://onlinelibrary.wiley.com/doi/10.1111/j.1600-0609.1986.tb00850.x,Wiley,1986
3515525,Scand J Haematol Suppl,10.1111/j.1600-0609.1986.tb00850.x,https://onlinelibrary.wiley.com/doi/10.1111/j.1600-0609.1986.tb00850.x,Wiley,1986
6591389,Scand J Haematol Suppl,10.1111/j.1600-0609.1984.tb02565.x,https://onlinelibrary.wiley.com/doi/10.1111/j.1600-0609.1984.tb02565.x,Wiley,1984
6962503,SCADA J,,,,1982
6962503,SCADA J,,,,1982
6761848,SCADA J,,,,1982
5907433,Scalpel (Brux),,,,1966
5907433,Scalpel (Brux),,,,1966
5848158,Scalpel (Brux),,,,1965
11845994,Scand Audiol,10.1080/01050390152704779,https://www.tandfonline.com/doi/full/10.1080/01050390152704779,Taylor & Francis,2001
11845994,Scand Audiol,10.1080/01050390152704779,https://www.tandfonline.com/doi/full/10.1080/01050390152704779,Taylor & Francis,2001
10384900,Scand Audiol,10.1080/010503999424851,https://www.tandfonline.com/doi/full/10.1080/010503999424851,Taylor & Francis,1999
11763830,Scand Audiol Suppl,,,,2001
11763830,Scand Audiol Suppl,,,,2001
11318454,Scand Audiol Suppl,10.1080/010503901300007399,https://www.tandfonline.com/doi/full/10.1080/010503901300007399,Taylor & Francis,2001
38905129,Scand J Clin Lab Invest,10.1080/00365513.2024.2361279,https://www.tandfonline.com/doi/full/10.1080/00365513.2024.2361279,Taylor & Francis,2024
38905129,Scand J Clin Lab Invest,10.1080/00365513.2024.2361279,https://www.tandfonline.com/doi/full/10.1080/00365513.2024.2361279,Taylor & Francis,2024
38319290,Scand J Clin Lab Invest,10.1080/00365513.2024.2309617,https://www.tandfonline.com/doi/full/10.1080/00365513.2024.2309617,Taylor & Francis,2024
7871363,Scand J Dent Res,10.1111/j.1600-0722.1994.tb01487.x,https://onlinelibrary.wiley.com/doi/10.1111/j.1600-0722.1994.tb01487.x,Wiley,1994
7871363,Scand J Dent Res,10.1111/j.1600-0722.1994.tb01487.x,https://onlinelibrary.wiley.com/doi/10.1111/j.1600-0722.1994.tb01487.x,Wiley,1994
7871356,Scand J Dent Res,,,,1994
27542005,Scand J Clin Lab Invest Suppl,10.1080/00365513.2016.1210334,https://www.tandfonline.com/doi/full/10.1080/00365513.2016.1210334,Taylor & Francis,2016
27542005,Scand J Clin Lab Invest Suppl,10.1080/00365513.2016.1210334,https://www.tandfonline.com/doi/full/10.1080/00365513.2016.1210334,Taylor & Francis,2016
22536760,Scand J Clin Lab Invest Suppl,10.3109/00365513.2012.681935,,Unknown,2012
38907722,Scand J Gastroenterol,10.1080/00365521.2024.2368248,https://www.tandfonline.com/doi/full/10.1080/00365521.2024.2368248,Taylor & Francis,2024
38907722,Scand J Gastroenterol,10.1080/00365521.2024.2368248,https://www.tandfonline.com/doi/full/10.1080/00365521.2024.2368248,Taylor & Francis,2024
38084729,Scand J Gastroenterol,10.1080/00365521.2023.2292480,https://www.tandfonline.com/doi/full/10.1080/00365521.2023.2292480,Taylor & Francis,2024
20602566,Scand J Gastroenterol Suppl,10.3109/00365521.2010.503379,https://www.tandfonline.com/doi/full/10.3109/00365521.2010.503379,Taylor & Francis,2010
20602566,Scand J Gastroenterol Suppl,10.3109/00365521.2010.503379,https://www.tandfonline.com/doi/full/10.3109/00365521.2010.503379,Taylor & Francis,2010
16782634,Scand J Gastroenterol Suppl,10.1080/00365520600664508,https://www.tandfonline.com/doi/full/10.1080/00365520600664508,Taylor & Francis,2006
11539732,Scan Electron Microsc,,,,1986
11539732,Scan Electron Microsc,,,,1986
3798021,Scan Electron Microsc,,,,1986
25400099,Scand J Infect Dis,10.3109/00365548.2014.983319,https://www.tandfonline.com/doi/full/10.3109/00365548.2014.983319,Taylor & Francis,2014
25400099,Scand J Infect Dis,10.3109/00365548.2014.983319,https://www.tandfonline.com/doi/full/10.3109/00365548.2014.983319,Taylor & Francis,2014
25195650,Scand J Infect Dis,10.3109/00365548.2014.943285,https://www.tandfonline.com/doi/full/10.3109/00365548.2014.943285,Taylor & Francis,2014
19939209,Scand J Infect Dis Suppl,10.3109/00365540903331985,https://www.tandfonline.com/doi/full/10.3109/00365540903331985,Taylor & Francis,2009
19939209,Scand J Infect Dis Suppl,10.3109/00365540903331985,https://www.tandfonline.com/doi/full/10.3109/00365540903331985,Taylor & Francis,2009
15000586,Scand J Infect Dis Suppl,10.1080/03008870310009731,https://www.tandfonline.com/doi/full/10.1080/03008870310009731,Taylor & Francis,2003
3798039,Scand J Plast Reconstr Surg,10.3109/02844318609006327,https://www.tandfonline.com/doi/full/10.3109/02844318609006327,Taylor & Francis,1986
3798039,Scand J Plast Reconstr Surg,10.3109/02844318609006327,https://www.tandfonline.com/doi/full/10.3109/02844318609006327,Taylor & Francis,1986
3895404,Scand J Plast Reconstr Surg,10.3109/02844318509052859,https://www.tandfonline.com/doi/full/10.3109/02844318509052859,Taylor & Francis,1985
25184497,Scand J Rheumatol Suppl,10.3109/03009742.2014.946235,https://www.tandfonline.com/doi/full/10.3109/03009742.2014.946235,Taylor & Francis,2014
25184497,Scand J Rheumatol Suppl,10.3109/03009742.2014.946235,https://www.tandfonline.com/doi/full/10.3109/03009742.2014.946235,Taylor & Francis,2014
11469515,Scand J Rheumatol Suppl,10.1080/030097401300232583,https://www.tandfonline.com/doi/full/10.1080/030097401300232583,Taylor & Francis,2001
38916127,Scand J Rheumatol,10.1080/03009742.2024.2363101,https://www.tandfonline.com/doi/full/10.1080/03009742.2024.2363101,Taylor & Francis,2024
38916127,Scand J Rheumatol,10.1080/03009742.2024.2363101,https://www.tandfonline.com/doi/full/10.1080/03009742.2024.2363101,Taylor & Francis,2024
38090763,Scand J Rheumatol,10.1080/03009742.2023.2289729,https://www.tandfonline.com/doi/full/10.1080/03009742.2023.2289729,Taylor & Francis,2024
38877602,Scand J Psychol,10.1111/sjop.13046,https://onlinelibrary.wiley.com/doi/10.1111/sjop.13046,Wiley,2024
38877602,Scand J Psychol,10.1111/sjop.13046,https://onlinelibrary.wiley.com/doi/10.1111/sjop.13046,Wiley,2024
38282555,Scand J Psychol,10.1111/sjop.13004,https://onlinelibrary.wiley.com/doi/10.1111/sjop.13004,Wiley,2024
11201626,Scand J Rehabil Med,10.1080/003655000750060940,https://taylorandfrancis.com,Unknown,2000
11201626,Scand J Rehabil Med,10.1080/003655000750060940,https://taylorandfrancis.com,Unknown,2000
9428060,Scand J Rehabil Med,,,,1997
538421,Scand J Respir Dis,,,,1979
538421,Scand J Respir Dis,,,,1979
694474,Scand J Respir Dis,,,,1978
9868757,Scand J Soc Med,10.1177/14034948980260040201,https://journals.sagepub.com/doi/10.1177/14034948980260040201,SAGE Publications,1998
9868757,Scand J Soc Med,10.1177/14034948980260040201,https://journals.sagepub.com/doi/10.1177/14034948980260040201,SAGE Publications,1998
9868750,Scand J Soc Med,10.1177/14034948980260040601,https://journals.sagepub.com/doi/10.1177/14034948980260040601,SAGE Publications,1998
386494,Scand J Respir Dis Suppl,,,,1979
386494,Scand J Respir Dis Suppl,,,,1979
155294,Scand J Respir Dis Suppl,,,,1979
8976041,Scand J Thorac Cardiovasc Surg,10.3109/14017439609107266,https://www.tandfonline.com/doi/full/10.3109/14017439609107266,Taylor & Francis,1996
8976041,Scand J Thorac Cardiovasc Surg,10.3109/14017439609107266,https://www.tandfonline.com/doi/full/10.3109/14017439609107266,Taylor & Francis,1996
8643925,Scand J Thorac Cardiovasc Surg,10.3109/14017439509107201,https://www.tandfonline.com/doi/full/10.3109/14017439509107201,Taylor & Francis,1995
9001633,Scand J Thorac Cardiovasc Surg Suppl,,,,1996
9001633,Scand J Thorac Cardiovasc Surg Suppl,,,,1996
6933688,Scand J Thorac Cardiovasc Surg Suppl,,,,1980
23016678,Scand J Urol Nephrol,10.3109/00365599.2012.726643,https://www.tandfonline.com/doi/full/10.3109/00365599.2012.726643,Taylor & Francis,2012
23016678,Scand J Urol Nephrol,10.3109/00365599.2012.726643,https://www.tandfonline.com/doi/full/10.3109/00365599.2012.726643,Taylor & Francis,2012
21767247,Scand J Urol Nephrol,10.3109/00365599.2011.599334,https://www.tandfonline.com/doi/full/10.3109/00365599.2011.599334,Taylor & Francis,2012
4525767,Sch Dent Serv Gaz N Z,,,,1974
4525767,Sch Dent Serv Gaz N Z,,,,1974
5268776,Sch Dent Serv Gaz N Z,,,,1970
4605688,Schriftenr Geb Off Gesundheitswes,,,,1974
4605688,Schriftenr Geb Off Gesundheitswes,,,,1974
4214153,Schriftenr Geb Off Gesundheitswes,,,,1974
4497646,Sch Health Rev,,,,1974
4497646,Sch Health Rev,,,,1974
5206304,Sch Health Rev,,,,1971
8327864,Schriftenr Neurol,,,,1993
8327864,Schriftenr Neurol,,,,1993
2200108,Schriftenr Neurol,,,,1990
5832625,Schweiz Apoth Ztg,,,,1965
5832625,Schweiz Apoth Ztg,,,,1965
18149740,Schweiz Apoth Ztg,,,,1949
1072798,Scanodont,,,,1975
1072798,Scanodont,,,,1975
4535162,Scanodont,,,,1974
38900958,Schizophr Bull,10.1093/schbul/sbae097,https://academic.oup.com/crawlprevention/governor?content=%2fschizophreniabulletin%2fadvance-article%2fdoi%2f10.1093%2fschbul%2fsbae097%2f7696703,Oxford University Press,2024
38900958,Schizophr Bull,10.1093/schbul/sbae097,https://academic.oup.com/crawlprevention/governor?content=%2fschizophreniabulletin%2fadvance-article%2fdoi%2f10.1093%2fschbul%2fsbae097%2f7696703,Oxford University Press,2024
38366989,Schizophr Bull,10.1093/schbul/sbae004,https://academic.oup.com/crawlprevention/governor?content=%2fschizophreniabulletin%2fadvance-article%2fdoi%2f10.1093%2fschbul%2fsbae004%2f7609848,Oxford University Press,2024
17195481,Schriftenr Ver Wasser Boden Lufthyg,,,,2006
17195481,Schriftenr Ver Wasser Boden Lufthyg,,,,2006
10981310,Schriftenr Ver Wasser Boden Lufthyg,,,,2000
2908823,Schriftenr Zentralbl Arbeitsmed Arbeitsschutz Prophyl Ergonomie,,,,1986
2908823,Schriftenr Zentralbl Arbeitsmed Arbeitsschutz Prophyl Ergonomie,,,,1986
2856792,Schriftenr Zentralbl Arbeitsmed Arbeitsschutz Prophyl Ergonomie,,,,1986
1029072,Schriftenr Zentralbl Arbeitsmed Arbeitsschutz Prophyl,,,,1976
1029072,Schriftenr Zentralbl Arbeitsmed Arbeitsschutz Prophyl,,,,1976
1029070,Schriftenr Zentralbl Arbeitsmed Arbeitsschutz Prophyl,,,,1976
4505557,Newsl Scand Soc Forensic Odontol,,,,1972
4505557,Newsl Scand Soc Forensic Odontol,,,,1972
4505557,Newsl Scand Soc Forensic Odontol,,,,1972
10780049,Scand J Rehabil Med Suppl,,,,2000
10780049,Scand J Rehabil Med Suppl,,,,2000
7784834,Scand J Rehabil Med Suppl,,,,1995
20515437,Scand J Plast Reconstr Surg Hand Surg,10.3109/02844311.2010.483104,https://www.tandfonline.com/doi/full/10.3109/02844311.2010.483104,Taylor & Francis,2010
20515437,Scand J Plast Reconstr Surg Hand Surg,10.3109/02844311.2010.483104,https://www.tandfonline.com/doi/full/10.3109/02844311.2010.483104,Taylor & Francis,2010
20136468,Scand J Plast Reconstr Surg Hand Surg,10.3109/02844310903569683,https://www.tandfonline.com/doi/full/10.3109/02844310903569683,Taylor & Francis,2010
6710090,Schweiz Arch Neurol Neurochir Psychiatr,,,,1984
6710090,Schweiz Arch Neurol Neurochir Psychiatr,,,,1984
6635593,Schweiz Arch Neurol Neurochir Psychiatr,,,,1983
9526769,Scand J Soc Med Suppl,10.1080/14034949850153329,https://taylorandfrancis.com,Unknown,1998
9526769,Scand J Soc Med Suppl,10.1080/14034949850153329,https://taylorandfrancis.com,Unknown,1998
6379862,Scand J Soc Med Suppl,,,,1984
38807435,Schweiz Arch Tierheilkd,10.17236/sat00426,https://sat.gstsvs.ch/de/sat/sat-artikel/archiv/2024/062024/skeletal-malformation-in-growing-milk-sheep.html,Unknown,2024
38807435,Schweiz Arch Tierheilkd,10.17236/sat00426,https://sat.gstsvs.ch/de/sat/sat-artikel/archiv/2024/062024/skeletal-malformation-in-growing-milk-sheep.html,Unknown,2024
36193782,Schweiz Arch Tierheilkd,10.17236/sat00371,https://sat.gstsvs.ch/de/sat/sat-artikel/archiv/2022/102022/is-alfalfa-hay-an-alternative-to-meadow-hay-in-equine-nutrition.html,Unknown,2022
29927216,Sheng Li Ke Xue Jin Zhan,,,,2018
29927216,Sheng Li Ke Xue Jin Zhan,,,,2018
29894131,Sheng Li Ke Xue Jin Zhan,,,,2016
38874551,Scand J Work Environ Health,10.5271/sjweh.4168,https://www.sjweh.fi/show_abstract.php?abstract_id=4168,Unknown,2024
38874551,Scand J Work Environ Health,10.5271/sjweh.4168,https://www.sjweh.fi/show_abstract.php?abstract_id=4168,Unknown,2024
37481748,Scand J Work Environ Health,10.5271/sjweh.4108,https://www.sjweh.fi/article/4108,Unknown,2023
9890815,Scanning Microsc,,,,1996
9890815,Scanning Microsc,,,,1996
8714744,Scanning Microsc,,,,1995
11688069,Schweiz Med Wochenschr,,,,2000
11688069,Schweiz Med Wochenschr,,,,2000
11153392,Schweiz Med Wochenschr,,,,2000
12536480,Schweiz Med Wochenschr Suppl,,,,2000
12536480,Schweiz Med Wochenschr Suppl,,,,2000
11013947,Schweiz Med Wochenschr Suppl,,,,2000
6582599,SSO Schweiz Monatsschr Zahnheilkd,,,,1983
6582599,SSO Schweiz Monatsschr Zahnheilkd,,,,1983
6351246,SSO Schweiz Monatsschr Zahnheilkd,,,,1983
3541176,Schweiz Monatsschr Zahnmed (1984),,,,1986
3541176,Schweiz Monatsschr Zahnmed (1984),,,,1986
3468617,Schweiz Monatsschr Zahnmed (1984),,,,1986
8685693,Schweiz Arch Neurol Psychiatr (1985),,,,1996
8685693,Schweiz Arch Neurol Psychiatr (1985),,,,1996
8658103,Schweiz Arch Neurol Psychiatr (1985),,,,1995
24554592,Schweiz Monatsschr Zahnmed,,,,2013
24554592,Schweiz Monatsschr Zahnmed,,,,2013
21261123,Schweiz Monatsschr Zahnmed,,,,2010
14276415,Schweiz Z Psychol Anwend,,,,1965
14276415,Schweiz Z Psychol Anwend,,,,1965
20280399,Schweiz Z Psychol Anwend,,,,1945
8303252,Schweiz Z Sportmed,,,,1993
8303252,Schweiz Z Sportmed,,,,1993
8303247,Schweiz Z Sportmed,,,,1993
261475,Schwest Rev,,,,1979
261475,Schwest Rev,,,,1979
252145,Schwest Rev,,,,1978
25190905,SCI Nurs,,,,2008
25190905,SCI Nurs,,,,2008
15176347,SCI Nurs,,,,2004
34276078,Sci Am,,,,2020
34276078,Sci Am,,,,2020
30273313,Sci Am,10.1038/scientificamerican1018-56,https://www.scientificamerican.com/article/science-under-scrutiny-the-problem-of-reproducibility/,Unknown,2018
4678299,Sci Basis Med Annu Rev,,,,1972
4678299,Sci Basis Med Annu Rev,,,,1972
4920177,Sci Basis Med Annu Rev,,,,1970
10266765,Sci Dig,,,,1984
10266765,Sci Dig,,,,1984
10255760,Sci Dig,,,,1982
4614437,Sci Med Man,,,,1974
4614437,Sci Med Man,,,,1974
4614437,Sci Med Man,,,,1974
4681156,Sci Proc Cardiff Med Soc,,,,1972
4681156,Sci Proc Cardiff Med Soc,,,,1972
4619220,Sci Proc Cardiff Med Soc,,,,1972
32327849,Sci News,10.1002/scin.2015.188004019,https://onlinelibrary.wiley.com/doi/10.1002/scin.2015.188004019,Wiley,2015
32327849,Sci News,10.1002/scin.2015.188004019,https://onlinelibrary.wiley.com/doi/10.1002/scin.2015.188004019,Wiley,2015
32327817,Sci News,10.2307/4014269,https://onlinelibrary.wiley.com/doi/10.2307/4014269,Wiley,2003
38881338,Sci Prog,10.1177/00368504241257389,https://journals.sagepub.com/doi/10.1177/00368504241257389,SAGE Publications,2024
38881338,Sci Prog,10.1177/00368504241257389,https://journals.sagepub.com/doi/10.1177/00368504241257389,SAGE Publications,2024
38359866,Sci Prog,10.1177/00368504241228077,https://journals.sagepub.com/doi/10.1177/00368504241228077,SAGE Publications,2024
5183431,Sci Prog (New Haven),,,,1967
5183431,Sci Prog (New Haven),,,,1967
24544655,Sci Prog (New Haven),,,,1957
4505104,Sci Rech Odontostomatol,,,,1972
4505104,Sci Rech Odontostomatol,,,,1972
5289581,Sci Rech Odontostomatol,,,,1971
7939571,Sci Rep Res Inst Tohoku Univ Med,,,,1993
7939571,Sci Rep Res Inst Tohoku Univ Med,,,,1993
6678495,Sci Rep Res Inst Tohoku Univ Med,,,,1983
38914129,Ultraschall Med,10.1055/a-2351-0747,https://www.thieme-connect.de/products/ejournals/abstract/10.1055/a-2351-0747,Unknown,2024
38914129,Ultraschall Med,10.1055/a-2351-0747,https://www.thieme-connect.de/products/ejournals/abstract/10.1055/a-2351-0747,Unknown,2024
38729175,Ultraschall Med,10.1055/a-2323-0941,https://www.thieme-connect.de/products/ejournals/abstract/10.1055/a-2323-0941,Unknown,2024
19824517,Nasnewsletter,10.1177/1942602x09337516,https://journals.sagepub.com/doi/10.1177/1942602X09337516,SAGE Publications,2009
19824517,Nasnewsletter,10.1177/1942602x09337516,https://journals.sagepub.com/doi/10.1177/1942602X09337516,SAGE Publications,2009
11987866,Nasnewsletter,10.1177/104747570101600422,https://journals.sagepub.com/doi/10.1177/104747570101600422,SAGE Publications,2001
7336197,Sci Sin,,,,1981
7336197,Sci Sin,,,,1981
7256256,Sci Sin,,,,1981
3076266,Sci Sin B,,,,1988
3076266,Sci Sin B,,,,1988
2883726,Sci Sin B,,,,1986
38767172,Scott Med J,10.1177/00369330241252715,https://journals.sagepub.com/doi/10.1177/00369330241252715,SAGE Publications,2024
38767172,Scott Med J,10.1177/00369330241252715,https://journals.sagepub.com/doi/10.1177/00369330241252715,SAGE Publications,2024
37691607,Scott Med J,10.1177/00369330231186434,https://journals.sagepub.com/doi/10.1177/00369330231186434,SAGE Publications,2023
16700352,S D J Med,,,,2005
16700352,S D J Med,,,,2005
15017821,S D J Med,,,,2004
7570031,S D Nurse,,,,1995
7570031,S D Nurse,,,,1995
3480581,S D Nurse,,,,1987
4568742,SDA Dent,,,,1972
4568742,SDA Dent,,,,1972
4873792,SDA Dent,,,,1967
4502656,Bull Second Dist Dent Soc,,,,1972
4502656,Bull Second Dist Dent Soc,,,,1972
5282392,Bull Second Dist Dent Soc,,,,1971
4532297,Sel Odontol (Sao Paulo),,,,1974
4532297,Sel Odontol (Sao Paulo),,,,1974
5292282,Sel Odontol (Sao Paulo),,,,1971
38914118,Semin Thromb Hemost,10.1055/s-0044-1787660,https://www.thieme-connect.de/products/ejournals/abstract/10.1055/s-0044-1787660,Unknown,2024
38914118,Semin Thromb Hemost,10.1055/s-0044-1787660,https://www.thieme-connect.de/products/ejournals/abstract/10.1055/s-0044-1787660,Unknown,2024
38759956,Semin Thromb Hemost,10.1055/s-0044-1786751,https://www.thieme-connect.de/products/ejournals/abstract/10.1055/s-0044-1786751,Unknown,2024
6326330,Sem Hop,,,,1984
6326330,Sem Hop,,,,1984
6324368,Sem Hop,,,,1984
601569,Sem Hop Ther,,,,1977
601569,Sem Hop Ther,,,,1977
1006322,Sem Hop Ther,,,,1976
5706298,Sem Ther,,,,1968
5706298,Sem Ther,,,,1968
5706288,Sem Ther,,,,1968
4822256,Semin Drug Treat,,,,1974
4822256,Semin Drug Treat,,,,1974
4376622,Semin Drug Treat,,,,1972
5271339,Semin Ensen Odontopediatr,,,,1969
5271339,Semin Ensen Odontopediatr,,,,1969
5271339,Semin Ensen Odontopediatr,,,,1969
263646,Sens Processes,,,,1979
263646,Sens Processes,,,,1979
232572,Sens Processes,,,,1979
8475396,Arch Ital Urol Nefrol Androl,,,,1993
8475396,Arch Ital Urol Nefrol Androl,,,,1993
1570527,Arch Ital Urol Nefrol Androl,,,,1992
38906759,Semin Nucl Med,10.1053/j.semnuclmed.2024.05.003,https://linkinghub.elsevier.com/retrieve/pii/S0001299824000448,ScienceDirect,2024
38906759,Semin Nucl Med,10.1053/j.semnuclmed.2024.05.003,https://linkinghub.elsevier.com/retrieve/pii/S0001299824000448,ScienceDirect,2024
38480041,Semin Nucl Med,10.1053/j.semnuclmed.2024.02.004,https://linkinghub.elsevier.com/retrieve/pii/S0001299824000163,ScienceDirect,2024
4770581,Semin Psychiatry,,,,1973
4770581,Semin Psychiatry,,,,1973
4770567,Semin Psychiatry,,,,1973
38880518,Semin Roentgenol,10.1053/j.ro.2024.03.003,https://linkinghub.elsevier.com/retrieve/pii/S0037198X24000269,ScienceDirect,2024
38880518,Semin Roentgenol,10.1053/j.ro.2024.03.003,https://linkinghub.elsevier.com/retrieve/pii/S0037198X24000269,ScienceDirect,2024
36732013,Semin Roentgenol,10.1053/j.ro.2022.11.001,https://linkinghub.elsevier.com/retrieve/pii/S0037198X22000670,ScienceDirect,2023
23888603,Servir,,,,2013
23888603,Servir,,,,2013
17703851,Servir,,,,2007
38901435,Semin Liver Dis,10.1055/a-2349-7236,https://www.thieme-connect.de/products/ejournals/abstract/10.1055/a-2349-7236,Unknown,2024
38901435,Semin Liver Dis,10.1055/a-2349-7236,https://www.thieme-connect.de/products/ejournals/abstract/10.1055/a-2349-7236,Unknown,2024
37414024,Semin Liver Dis,10.1055/s-0043-1770984,https://www.thieme-connect.de/products/ejournals/abstract/10.1055/s-0043-1770984,Unknown,2023
2135089,Shikwa Gakuho,,,,1990
2135089,Shikwa Gakuho,,,,1990
2134975,Shikwa Gakuho,,,,1990
6914812,SHSTF,,,,1981
6914812,SHSTF,,,,1981
6914811,SHSTF,,,,1981
38658383,Sheng Li Xue Bao,,,,2024
38658383,Sheng Li Xue Bao,,,,2024
37340651,Sheng Li Xue Bao,,,,2023
5053098,Shujutsu,,,,1972
5053098,Shujutsu,,,,1972
5145997,Shujutsu,,,,1971
5613284,Sicil Sanit,,,,1967
5613284,Sicil Sanit,,,,1967
14162227,Sicil Sanit,,,,1963
7163818,Sightsaving,,,,1982
7163818,Sightsaving,,,,1982
7156997,Sightsaving,,,,1982
7455716,Sight Sav Rev,,,,1980
7455716,Sight Sav Rev,,,,1980
752185,Sight Sav Rev,,,,1978
32948099,Singapore Dent J,10.1142/S2214607519720039,https://www.worldscientific.com/doi/abs/10.1142/S2214607519720039,Unknown,2019
32948099,Singapore Dent J,10.1142/S2214607519720039,https://www.worldscientific.com/doi/abs/10.1142/S2214607519720039,Unknown,2019
24360262,Singapore Dent J,10.1016/j.sdj.2013.11.004,https://linkinghub.elsevier.com/retrieve/pii/S0377529113000059,ScienceDirect,2013
38900017,Singapore Med J,10.4103/singaporemedj.SMJ-2020-490,https://journals.lww.com/smj/fulltext/9900/impact_of_the_covid_19__circuit_breaker__on.119.aspx,Unknown,2024
38900017,Singapore Med J,10.4103/singaporemedj.SMJ-2020-490,https://journals.lww.com/smj/fulltext/9900/impact_of_the_covid_19__circuit_breaker__on.119.aspx,Unknown,2024
38421145,Singapore Med J,10.4103/singaporemedj.SMJ-2022-082,https://journals.lww.com/smj/fulltext/9900/characteristics_of_patients_who_received_sinopharm.67.aspx,Unknown,2024
38774393,Urol Nurs,10.7257/2168-4626.2023.43.6.273,https://library.suna.org/p/a/characteristics-of-nursing-homes-with-high-rates-of-urinary-tract-infections-among-their-residents-with-obesity-19069,Unknown,2023
38774393,Urol Nurs,10.7257/2168-4626.2023.43.6.273,https://library.suna.org/p/a/characteristics-of-nursing-homes-with-high-rates-of-urinary-tract-infections-among-their-residents-with-obesity-19069,Unknown,2023
26298946,Urol Nurs,,,,2015
5317401,Sist Nerv,,,,1971
5317401,Sist Nerv,,,,1971
5163204,Sist Nerv,,,,1971
10183407,US Healthc,,,,1990
10183407,US Healthc,,,,1990
10292311,US Healthc,,,,1989
10296493,Soc Casework,,,,1989
10296493,Soc Casework,,,,1989
10269908,Soc Casework,,,,1985
38864760,Sociol Health Illn,10.1111/1467-9566.13798,https://onlinelibrary.wiley.com/doi/10.1111/1467-9566.13798,Wiley,2024
38864760,Sociol Health Illn,10.1111/1467-9566.13798,https://onlinelibrary.wiley.com/doi/10.1111/1467-9566.13798,Wiley,2024
38506159,Sociol Health Illn,10.1111/1467-9566.13770,https://onlinelibrary.wiley.com/doi/10.1111/1467-9566.13770,Wiley,2024
867061,Soc Rehabil Rec,,,,1977
867061,Soc Rehabil Rec,,,,1977
1188413,Soc Rehabil Rec,,,,1975
38774030,Soc Forces,10.1093/sf/soad126,https://academic.oup.com/crawlprevention/governor?content=%2fsf%2farticle%2f102%2f4%2f1398%2f7287100,Oxford University Press,2024
38774030,Soc Forces,10.1093/sf/soad126,https://academic.oup.com/crawlprevention/governor?content=%2fsf%2farticle%2f102%2f4%2f1398%2f7287100,Oxford University Press,2024
31186591,Soc Forces,10.1093/sf/sox095,https://academic.oup.com/crawlprevention/governor?content=%2fsf%2farticle%2f96%2f3%2f1069%2f4788339,Oxford University Press,2018
5829937,Sistole,,,,1964
5829937,Sistole,,,,1964
4220560,Sistole,,,,1964
9526425,Sjukskoterskan,,,,1998
9526425,Sjukskoterskan,,,,1998
8260681,Sjukskoterskan,,,,1993
10122293,Sloan Manage Rev,,,,1992
10122293,Sloan Manage Rev,,,,1992
10118525,Sloan Manage Rev,,,,1992
38371316,Soc Psychol Q,10.1177/01902725221136139,https://journals.sagepub.com/doi/10.1177/01902725221136139,SAGE Publications,2023
38371316,Soc Psychol Q,10.1177/01902725221136139,https://journals.sagepub.com/doi/10.1177/01902725221136139,SAGE Publications,2023
25473142,Soc Psychol Q,10.1177/0190272512459968,https://journals.sagepub.com/doi/10.1177/0190272512459968,SAGE Publications,2012
9436323,Soc Appl Bacteriol Symp Ser,,,,1997
9436323,Soc Appl Bacteriol Symp Ser,,,,1997
1887267,Soc Appl Bacteriol Symp Ser,,,,1991
38742043,Soc Serv Rev,10.1086/725320,https://www.journals.uchicago.edu/doi/10.1086/725320,Unknown,2023
38742043,Soc Serv Rev,10.1086/725320,https://www.journals.uchicago.edu/doi/10.1086/725320,Unknown,2023
10251871,Soc Serv Rev,10.1086/643914,https://www.journals.uchicago.edu/doi/10.1086/643914,Unknown,1981
17619632,Soc Biol,10.1080/19485565.2002.9989100,https://www.tandfonline.com/doi/abs/10.1080/19485565.2002.9989100,Taylor & Francis,2005
17619632,Soc Biol,10.1080/19485565.2002.9989100,https://www.tandfonline.com/doi/abs/10.1080/19485565.2002.9989100,Taylor & Francis,2005
17619606,Soc Biol,,,,2005
38832366,S Afr J Commun Disord,10.4102/sajcd.v71i1.1012,https://sajcd.org.za/index.php/SAJCD/article/view/1012,Unknown,2024
38832366,S Afr J Commun Disord,10.4102/sajcd.v71i1.1012,https://sajcd.org.za/index.php/SAJCD/article/view/1012,Unknown,2024
38426736,S Afr J Commun Disord,10.4102/sajcd.v71i1.1005,https://sajcd.org.za/index.php/SAJCD/article/view/1005,Unknown,2024
9273704,Soc Gen Physiol Ser,,,,1997
9273704,Soc Gen Physiol Ser,,,,1997
8809938,Soc Gen Physiol Ser,,,,1996
5853462,Soc Med Tidskr,,,,1965
5853462,Soc Med Tidskr,,,,1965
14147389,Soc Med Tidskr,,,,1964
5294086,Rev Annu Soc Odontostomatol Nordest,,,,1969
5294086,Rev Annu Soc Odontostomatol Nordest,,,,1969
5284784,Rev Annu Soc Odontostomatol Nordest,,,,1969
11662013,Soc Sci Med (1967),,,,1981
11662013,Soc Sci Med (1967),,,,1981
472774,Soc Sci Med (1967),,,,1979
7244688,Soc Sci Med Med Anthropol,10.1016/0160-7987(81)90030-2,https://linkinghub.elsevier.com/retrieve/pii/0160798781900302,ScienceDirect,1981
7244688,Soc Sci Med Med Anthropol,10.1016/0160-7987(81)90030-2,https://linkinghub.elsevier.com/retrieve/pii/0160798781900302,ScienceDirect,1981
7209597,Soc Sci Med Med Anthropol,10.1016/0160-7987(80)90052-6,https://linkinghub.elsevier.com/retrieve/pii/0160798780900526,ScienceDirect,1980
7256318,Soc Sci Med Med Econ,10.1016/0160-7995(81)90023-x,https://linkinghub.elsevier.com/retrieve/pii/016079958190023X,ScienceDirect,1981
7256318,Soc Sci Med Med Econ,10.1016/0160-7995(81)90023-x,https://linkinghub.elsevier.com/retrieve/pii/016079958190023X,ScienceDirect,1981
6781069,Soc Sci Med Med Econ,10.1016/0160-7995(80)90015-5,https://linkinghub.elsevier.com/retrieve/pii/0160799580900155,ScienceDirect,1980
38832403,Soc Work,10.1093/sw/swae026,https://academic.oup.com/crawlprevention/governor?content=%2fsw%2farticle%2f69%2f3%2f277%2f7687263,Oxford University Press,2024
38832403,Soc Work,10.1093/sw/swae026,https://academic.oup.com/crawlprevention/governor?content=%2fsw%2farticle%2f69%2f3%2f277%2f7687263,Oxford University Press,2024
37795560,Soc Work,10.1093/sw/swad036,https://academic.oup.com/crawlprevention/governor?content=%2fsw%2farticle%2f69%2f1%2fe1%2f7289101,Oxford University Press,2023
7221620,Soc Sci Med Med Geogr,10.1016/0160-8002(81)90019-8,https://linkinghub.elsevier.com/retrieve/pii/0160800281900198,ScienceDirect,1981
7221620,Soc Sci Med Med Geogr,10.1016/0160-8002(81)90019-8,https://linkinghub.elsevier.com/retrieve/pii/0160800281900198,ScienceDirect,1981
7414359,Soc Sci Med Med Geogr,10.1016/0160-8002(80)90063-5,https://linkinghub.elsevier.com/retrieve/pii/0160800280900635,ScienceDirect,1980
7244702,Soc Sci Med Med Psychol Med Sociol,10.1016/0271-7123(81)90028-6,https://linkinghub.elsevier.com/retrieve/pii/0271712381900286,ScienceDirect,1981
7244702,Soc Sci Med Med Psychol Med Sociol,10.1016/0271-7123(81)90028-6,https://linkinghub.elsevier.com/retrieve/pii/0271712381900286,ScienceDirect,1981
7394577,Soc Sci Med Med Psychol Med Sociol,10.1016/0160-7979(80)90117-4,https://linkinghub.elsevier.com/retrieve/pii/0160797980901174,ScienceDirect,1980
38603236,Sociol Rev,10.1177/00380261221147749,https://journals.sagepub.com/doi/10.1177/00380261221147749,SAGE Publications,2023
38603236,Sociol Rev,10.1177/00380261221147749,https://journals.sagepub.com/doi/10.1177/00380261221147749,SAGE Publications,2023
531594,Sociol Rev,10.1111/j.1467-954x.1979.tb00357.x,https://journals.sagepub.com/doi/10.1111/j.1467-954X.1979.tb00357.x,SAGE Publications,1979
27818538,Sociol Rev Monogr,10.1002/2059-7932.12013,https://onlinelibrary.wiley.com/resolve/doi?DOI=10.1002/2059-7932.12013,Wiley,2016
27818538,Sociol Rev Monogr,10.1002/2059-7932.12013,https://onlinelibrary.wiley.com/resolve/doi?DOI=10.1002/2059-7932.12013,Wiley,2016
6612379,Sociol Rev Monogr,10.1111/j.1467-954x.1982.tb00074.x,https://journals.sagepub.com/doi/10.1111/j.1467-954X.1982.tb00074.x,SAGE Publications,1983
929246,Sociometry,,,,1977
929246,Sociometry,,,,1977
4551779,Sociometry,,,,1972
38880599,Soins,10.1016/j.soin.2024.04.004,https://linkinghub.elsevier.com/retrieve/pii/S0038081424000884,ScienceDirect,2024
38880599,Soins,10.1016/j.soin.2024.04.004,https://linkinghub.elsevier.com/retrieve/pii/S0038081424000884,ScienceDirect,2024
38762227,Soins,10.1016/j.soin.2024.03.004,https://linkinghub.elsevier.com/retrieve/pii/S0038081424000574,ScienceDirect,2024
37362043,Society,10.1007/s12115-023-00833-0,https://link.springer.com/article/10.1007/s12115-023-00833-0,Springer,2023
37362043,Society,10.1007/s12115-023-00833-0,https://link.springer.com/article/10.1007/s12115-023-00833-0,Springer,2023
32836556,Society,10.1007/s12115-020-00500-8,https://link.springer.com/article/10.1007/s12115-020-00500-8,Springer,2020
5242746,SOLAIAT,,,,1967
5242746,SOLAIAT,,,,1967
5242741,SOLAIAT,,,,1967
7323853,Soc Sci Med E,10.1016/0271-5384(81)90007-7,https://linkinghub.elsevier.com/retrieve/pii/0271538481900077,ScienceDirect,1981
7323853,Soc Sci Med E,10.1016/0271-5384(81)90007-7,https://linkinghub.elsevier.com/retrieve/pii/0271538481900077,ScienceDirect,1981
7323846,Soc Sci Med E,10.1016/0271-5384(81)90020-x,https://linkinghub.elsevier.com/retrieve/pii/027153848190020X,ScienceDirect,1981
5269581,Sonde,,,,1970
5269581,Sonde,,,,1970
4237497,Sonde,,,,1968
7034217,Soc Sci Med A,10.1016/0271-7123(81)90024-9,https://linkinghub.elsevier.com/retrieve/pii/0271712381900249,ScienceDirect,1981
7034217,Soc Sci Med A,10.1016/0271-7123(81)90024-9,https://linkinghub.elsevier.com/retrieve/pii/0271712381900249,ScienceDirect,1981
6973197,Soc Sci Med A,10.1016/0271-7123(81)90045-6,https://linkinghub.elsevier.com/retrieve/pii/0271712381900456,ScienceDirect,1981
6915642,Soins Chir (1981),,,,1981
6915642,Soins Chir (1981),,,,1981
6910871,Soins Chir (1981),,,,1981
11649363,Soc Sci Med F,,,,1981
11649363,Soc Sci Med F,,,,1981
7280727,Soc Sci Med F,,,,1981
5579828,Sotilaslaak Aikak,,,,1971
5579828,Sotilaslaak Aikak,,,,1971
14320105,Sotilaslaak Aikak,,,,1965
7041269,Soins Gynecol Obstet Pueric,,,,1982
7041269,Soins Gynecol Obstet Pueric,,,,1982
6918159,Soins Gynecol Obstet Pueric,,,,1981
38697833,Soud Lek,,,,2024
38697833,Soud Lek,,,,2024
25417643,Soud Lek,,,,2014
38719362,Soins Psychiatr,10.1016/j.spsy.2024.03.004,https://linkinghub.elsevier.com/retrieve/pii/S0241697224000458,ScienceDirect,2024
38719362,Soins Psychiatr,10.1016/j.spsy.2024.03.004,https://linkinghub.elsevier.com/retrieve/pii/S0241697224000458,ScienceDirect,2024
37149333,Soins Psychiatr,10.1016/j.spsy.2023.03.012,https://linkinghub.elsevier.com/retrieve/pii/S0241697223000580,ScienceDirect,2023
38620120,Socioecon Plann Sci,10.1016/j.seps.2023.101660,https://linkinghub.elsevier.com/retrieve/pii/S0038012123001726,ScienceDirect,2023
38620120,Socioecon Plann Sci,10.1016/j.seps.2023.101660,https://linkinghub.elsevier.com/retrieve/pii/S0038012123001726,ScienceDirect,2023
10121713,Socioecon Plann Sci,10.1016/0038-0121(92)90018-z,https://linkinghub.elsevier.com/retrieve/pii/003801219290018Z,ScienceDirect,1992
7323860,Soc Sci Med B,10.1016/0160-7987(81)90025-9,https://linkinghub.elsevier.com/retrieve/pii/0160798781900259,ScienceDirect,1981
